columns,0,1,2,3,4
grain/article176.txt,7.000959375506631,-0.7096052027995853,-1.8475449659178826,0.6178141753477879,0.7450120099181919
grain/article286.txt,0.9671073779010979,-0.06421240333062835,0.14552718530726136,0.9601641666084939,0.9039462448922572
grain/article546.txt,20.267954610752124,-2.9249306701137527,2.569499435931879,-4.3132360447078355,-1.4576292212160669
grain/article342.txt,2.429114288171005,-1.0102763506818047,-0.6157501901046507,0.3696959915065529,1.2432717099679682
grain/article294.txt,0.854557190440872,0.45196294591175823,0.9167847465139591,0.35764937200634556,-0.02628973283979052
grain/article040.txt,2.5102434065707766,0.3020611233752134,-1.2056927161628397,-0.2557634154913877,0.5956062663394733
grain/article061.txt,1.7278534805853887,0.18321349814950863,1.413244700275157,-0.4885696082043429,-0.1425961660863048
grain/article285.txt,3.208050543515472,-0.8203929834824929,-0.12800596394479039,1.214531091897449,0.9495672011922965
grain/article171.txt,44.5057943412784,0.5617820087853452,-6.033062225129289,-6.050756742859304,4.784696273253094
grain/article442.txt,11.9991983231899,-0.6067229761031494,-1.9919421276043874,0.3819504205065986,2.8482434456457684
grain/article384.txt,4.853956182459798,11.03667463653207,-5.64732484767868,-6.324837150327008,2.74989754930552
grain/article050.txt,16.675639217913798,5.219118231943344,-5.175319452276924,-2.6534276499898533,0.0015168774503254133
grain/article534.txt,12.719217576519052,11.768052710164865,-3.0851671271667995,-1.8157792845051863,-1.2585927450361576
grain/article166.txt,1.7278534805853887,0.1832134981495086,1.4132447002751571,-0.4885696082043432,-0.14259616608630463
grain/article461.txt,13.302185879017292,-3.5639779653829926,0.6820084438500378,-1.3596082379882577,1.5272656909894298
grain/article402.txt,11.018172623387782,-2.489583503200896,0.46377785170939967,-0.8936923692960783,1.9504258750777301
grain/article356.txt,8.41669267315526,1.3218514911386117,-0.9988699831504626,-1.1335262435537055,-1.2422921056377727
grain/article179.txt,7.778052105627202,1.4049394193623779,-1.6223869454931583,0.4940878636012444,-1.7344502421438668
grain/article359.txt,9.34890380116826,-2.4364883711468774,-1.5870399498231116,-0.68236805756862,1.452818340853042
grain/article427.txt,16.23638462773414,-1.4234352064345317,-1.4316593458891358,-1.64421436088088,3.5300781526125227
grain/article241.txt,31.927772936478647,-2.1907285116182305,4.234958144205359,-0.5203074998239435,0.46806469481751284
grain/article368.txt,16.28529171251048,-1.2785187261825999,4.196993847417,-0.593212139418284,0.4354695425982332
grain/article011.txt,11.445651421838566,1.7955374213172481,-3.087687627160468,-0.9238901481671895,3.526676831537497
grain/article325.txt,12.710761645065597,3.1517130206688795,-3.4504236022010875,-1.7016825657859473,-0.08197573165569534
grain/article556.txt,12.852267301029205,-1.0678223132908822,-0.5723680197195151,0.43250155868665335,0.273604172677585
grain/article312.txt,13.010301132179974,3.174839776814695,0.588502396026837,-3.1902595551827284,-1.2402178963012889
grain/article498.txt,3.7838830207574783,2.1694541308302386,0.831715024466242,2.318011173405508,1.1934001084533297
grain/article078.txt,1.017607754611103,0.4860024011573635,1.7765520963132218,-0.1271298702526957,0.3649635395352818
grain/article270.txt,8.851615591177966,0.19677908240438263,-2.6054091626936375,-0.7994383960029368,-1.7642018948282188
grain/article250.txt,1.6629749229719606,0.3612720330830622,1.5223042665794058,0.4182604093888817,1.8408721237298027
grain/article170.txt,16.320523389176262,2.761827342105306,0.8531237965644997,0.09001119387261479,1.6710629263392576
grain/article130.txt,4.16628517176229,-1.12430857831739,-1.3691670092231327,-0.49430914837842665,0.9770351395811155
grain/article181.txt,7.3721992512245365,1.3418028396925534,-0.7200953677486582,-0.6038124517086279,1.8375360334465638
grain/article051.txt,1.017607754611103,0.4860024011573635,1.7765520963132218,-0.1271298702526957,0.3649635395352818
grain/article492.txt,35.16868848788443,-1.270038992703413,2.2550436444036293,1.0741234967195936,2.927626177187057
grain/article578.txt,4.270746058514304,1.1327114958774582,3.2089858313809634,1.9668848681745248,3.7334037403546536
grain/article278.txt,30.318286283328057,-5.997963917389479,-8.88824057223863,-1.6800742207825654,1.2810786690644507
grain/article378.txt,7.438012272240184,0.0022627758956520047,-2.823151733916646,1.7306268870571133,-0.2344772634774917
grain/article290.txt,28.06013262699106,-7.6476660240586805,-1.5859692396341991,-2.324590291313015,4.011819197793758
grain/article453.txt,9.985854570286673,-1.9792740080698188,2.0075344172508958,-1.5155631188014982,-1.4131113595047304
grain/article337.txt,15.406254313218176,-3.157897599225857,-1.3058698476740747,4.676968476601271,14.306247443977044
grain/article445.txt,9.242267570869743,-0.7478822404407864,0.534439448206875,-0.8296877137986365,-1.4496210388500452
grain/article533.txt,17.902488901882677,3.6789831142491636,-6.781984384281493,-2.8346686098523497,3.5674442370746116
grain/article252.txt,3.9962527526625875,-0.703522063015758,-0.4392516530495283,-0.06252163486029128,0.6350520978516722
grain/article134.txt,1.6629749229719606,0.3612720330830622,1.5223042665794058,0.4182604093888817,1.8408721237298027
grain/article472.txt,8.153349191745127,2.2814022384896946,-0.11591397177690108,-0.09949210778905303,1.716418567133451
grain/article120.txt,16.520033460816514,1.0305990458480025,3.7935861835281175,-1.283644070028103,-4.140792990255271
grain/article557.txt,18.646294817159745,-1.413537173217312,-0.4131737194041333,-0.1066221533027768,1.3223122390792847
grain/article261.txt,39.484867595911666,-3.911762730837011,-2.602814483339297,0.9037092605807601,0.14819573658211593
grain/article004.txt,17.70295821224168,-3.608843355820186,-0.12578292236687816,-2.916031261693217,0.43429922943927995
grain/article328.txt,10.545413937836843,1.4760081865996786,7.408664309983678,-1.23570273582489,0.10892865095737549
grain/article217.txt,10.546196950199116,-2.278235218790026,1.7607311736323819,-1.7782070381614974,0.10687573866070689
grain/article233.txt,14.066182708947032,-3.6874275934738816,0.058579365154862464,-0.5750931700666615,0.9671818440194694
grain/article547.txt,8.380711365257923,0.005173179836697006,1.1948288237983655,0.6700716287501349,-1.5471787762755558
grain/article258.txt,49.04506907765355,1.468693099787091,2.5753765093432817,-10.099641157352524,4.722601561523884
grain/article144.txt,6.268468731331669,-0.21163021114674774,1.431959670776547,-1.542709083109354,-1.7146390975369417
grain/article315.txt,15.82786187874725,-3.059938332330815,-2.222779391924716,0.1045295632708716,-0.27902344211288094
grain/article389.txt,2.085308003640891,5.9057285248718765,-2.892379316763043,-3.081786671896621,1.1739064499530094
grain/article419.txt,17.574168562317944,-0.6462807792007145,3.1140110959814926,0.4979805099597584,0.8730688286513302
grain/article056.txt,3.801767661758847,7.171278290787246,-4.31237591977784,-1.7009086287053168,0.2444875663389454
grain/article257.txt,18.898190756881974,-2.575927213358129,-0.9316434536977497,1.9393402871175045,4.97868513558942
grain/article393.txt,46.590993706017905,-8.493042958731357,0.8845160240530251,-4.003165362408534,-2.6971709131734025
grain/article398.txt,30.112038583376638,-5.979684720816558,6.253244641366927,-5.242151675613994,-1.9123270349576609
grain/article077.txt,9.872828023308912,-0.6057727577662099,1.4034629159677205,-2.409552481559209,1.1145547473078015
grain/article394.txt,9.953701722750404,0.7889890596614796,-0.9777769211084225,-2.2103566915537574,0.4509670311392426
grain/article483.txt,8.482210881734753,0.059146024314905024,2.1326638713565096,0.0325593000157108,0.16972350060008212
grain/article029.txt,22.018204370549476,-5.788908600284664,-1.8119228614288325,-3.5999616986267076,2.9933797789789467
grain/article200.txt,13.520870609013228,-1.0637169535221045,-0.02464134953259172,1.642596476685055,1.5202917308845625
grain/article293.txt,17.97416384981758,-2.0151417638454294,-4.031836709069896,-0.3181503907049996,-2.789781175369317
grain/article231.txt,4.281142233365346,0.12464147309084747,0.7213132978424667,-0.3375864787505337,0.4329412312005682
grain/article082.txt,16.053926600709246,-4.046549746541918,-2.60170119460839,-2.443233770310585,1.8529288564683866
grain/article049.txt,4.325000121851881,1.3770930782235173,1.008877838014449,1.4893576604700038,1.7839274212856766
grain/article093.txt,4.9234539533278365,-0.22518164722254544,1.3842606129438788,-0.021387306584629718,0.5909762333818475
grain/article536.txt,16.04386623952455,6.742964795217413,-1.8556679183136242,0.33853535091617165,-0.789238834162156
grain/article381.txt,20.403162910315537,1.2010492812890765,-0.22748061682494394,-0.7302341664178275,1.0096356517154252
grain/article180.txt,6.111364080114969,0.5998141516110466,-2.20487182014227,1.4429964651166494,-0.19880014337646035
grain/article456.txt,11.065868944305125,0.24780769218339777,-2.947097218807859,1.4005171625591322,5.045007323314086
grain/article031.txt,0.0,-0.0,-0.0,-0.0,0.0
grain/article140.txt,0.5603902741920304,0.9284748984980208,-0.7867625607560236,0.17551900742699786,-0.8808837138223002
grain/article576.txt,35.690445518089646,12.067172823216104,-5.59638726439918,-8.472834010540437,-1.2124163795545992
grain/article392.txt,1.7278534805853887,0.1832134981495086,1.4132447002751571,-0.4885696082043432,-0.14259616608630463
grain/article522.txt,11.297507713279973,5.200706707247768,-0.8019737144170926,-2.258868587600434,5.774248322184556
grain/article486.txt,28.57893929160469,-1.5445319923834033,9.026716243014464,-2.98866004067584,-1.1054163649869393
grain/article421.txt,15.96948883580921,1.5628853215333214,0.7212348555005222,0.2187307789493187,2.551399750244082
grain/article047.txt,18.409884630824177,31.020146291366498,-15.611698641559446,-3.8602592769710276,1.2278843997250033
grain/article336.txt,0.0,-0.0,-0.0,-0.0,0.0
grain/article362.txt,13.970923869304507,-3.695951631300093,4.467980959316969,-4.470993979242673,-2.485781976682597
grain/article444.txt,48.45026543776131,-1.7897313504045558,2.0571610483671057,-6.005871751753779,5.834004287585472
grain/article309.txt,19.01615922829558,1.750989917653657,1.4520739158491043,-4.439250430028099,-1.5493397535399074
grain/article559.txt,1.017607754611103,0.4860024011573635,1.7765520963132218,-0.1271298702526957,0.3649635395352818
grain/article515.txt,1.017607754611103,0.4860024011573635,1.7765520963132218,-0.1271298702526957,0.3649635395352818
grain/article027.txt,18.92293368353529,-2.552932006653555,2.8144977538617555,-1.171360797886906,0.7392432912432484
grain/article168.txt,14.081803070910114,1.2188552465987996,0.984300872138726,-1.673556718592543,0.9017023183975772
grain/article509.txt,0.0,-0.0,-0.0,-0.0,0.0
grain/article447.txt,10.558587650252248,-2.3126625635094866,-3.5005379014505915,-0.13765814923481387,0.6806993985663788
grain/article561.txt,6.752065350194888,-1.3350203418947382,-0.15912907179069716,-1.0232396721491086,0.6394704460571353
grain/article101.txt,10.25830784270343,2.3051103592609414,-1.6197055214617142,-0.43752379877571895,3.7242874100038246
grain/article115.txt,7.601347791494658,2.3146002899551763,0.21088140884842674,0.07923511951142868,-1.5485927698505657
grain/article420.txt,13.98042811362146,-3.9676326121157763,0.24510859244320057,-2.7593606643176325,-2.062790802882189
grain/article139.txt,9.416145684931177,-2.2602865850450664,1.7279930868085331,-2.900381497322123,-2.4775673805070193
grain/article263.txt,7.364305855484635,-2.19069347063028,-3.233928319599884,-1.4544398795919709,-1.9746750714971815
grain/article137.txt,7.457855949051876,-0.5163419667816899,-0.7672173673879149,-0.02848779782310286,1.2405184394098463
grain/article158.txt,17.93645659757739,1.3633320262373236,-0.7589375083544446,2.69748631183967,-0.9159812688827299
grain/article021.txt,1.6258895335257244,0.4005717163424273,0.18526732249426361,-0.1932774517988075,-0.5309185437101268
grain/article083.txt,17.155243953956372,-1.1108228224373944,2.7590898086805766,0.3660734201719523,0.8121261222397869
grain/article167.txt,27.60938103927071,-3.1164425194711036,0.8620037001691241,-3.000512917379287,1.4789222821580577
grain/article458.txt,10.139339799298174,-0.2911329965766169,-2.89308543330549,-0.9057104263981154,4.294332141800678
grain/article376.txt,10.951398220981542,-4.852511073045591,-1.806880354060081,-1.9029254957784674,2.748313911416582
grain/article518.txt,47.96401986342136,-6.3777121264800956,12.6813238482213,-11.235900174562685,-5.627314629291719
grain/article495.txt,3.5875752189791004,0.695764461258267,0.8805481144364348,-0.09142877587008913,0.8618221469704408
grain/article107.txt,5.869691563174159,-0.3446269238387246,2.0697090025060296,1.2778512262491937,2.134437317862313
grain/article072.txt,14.47518525218408,-2.343151594855611,1.3772615335399718,0.4964699552442242,0.3100924937904413
grain/article553.txt,39.250371404943024,-10.927173155868926,-3.113481089016838,-4.7134935509764215,0.11056385459393478
grain/article225.txt,16.36810144127294,1.028909197365406,-4.2986734821923145,4.390898375751071,3.367313193510996
grain/article410.txt,2.753881647380005,0.6845844881680594,-0.28346046056985036,0.8324009561944741,0.13985422176254478
grain/article276.txt,13.862809447912511,-1.0850943899895222,-0.03827342879192988,-1.3621034582940779,-0.21336651814756835
grain/article289.txt,6.720488842704839,0.5753325627644237,-0.5366682634648547,0.8183567488854718,-0.5192500589295259
grain/article260.txt,42.89308238886321,5.061320801878574,-9.614718436443876,-3.7165205884524224,11.270374156599487
grain/article349.txt,4.31418421468454,-0.6300467566450679,1.5450606155204478,-0.6456431525020229,1.1615108030487284
grain/article514.txt,1.017607754611103,0.4860024011573635,1.7765520963132218,-0.1271298702526957,0.3649635395352818
grain/article094.txt,15.499118194430055,-1.3660700558114174,-2.1976308712423376,1.4043054780081459,4.543568241177414
grain/article017.txt,4.32667240901712,1.8886652691514123,-1.8580224001186914,4.232713473536351,-1.8825161806604946
grain/article405.txt,4.283308973306796,3.426347092955635,-3.312335713436704,-2.1681360825178726,2.475502977370444
grain/article012.txt,12.136489384877102,-3.3492572814431982,0.55102258747767,-1.7393637065863383,-0.0121582397827717
grain/article358.txt,0.0,-0.0,-0.0,-0.0,0.0
grain/article240.txt,14.596652071595273,-4.465377356564964,-1.999836091503264,-2.4817631914737808,1.8040535139328553
grain/article570.txt,55.06536509060191,13.513603983349062,5.68076651956242,-12.932944001476898,8.491536298426743
grain/article243.txt,7.940930777168902,0.32416206082401533,-1.063398713629093,-1.3780179821788476,-0.6962043035572538
grain/article484.txt,12.551893988458167,-1.9923204530064575,-2.0585816290419565,-1.3451640796616184,-1.3235931430651326
grain/article344.txt,7.525975649965136,-1.2448247055334822,-1.6269592114523508,0.38965201630723484,0.6430547555526992
grain/article091.txt,1.6629749229719606,0.3612720330830622,1.5223042665794058,0.4182604093888817,1.8408721237298027
grain/article535.txt,22.382030397132283,5.319947406554528,-0.313799331919474,-2.9258615848767584,2.1134679301051698
grain/article407.txt,51.09787748613762,19.726932210227346,10.644748096576075,-5.197445137703658,0.43354575007526003
grain/article320.txt,11.01914144558389,-2.586991231765469,2.7877893074014604,-1.6989661137688223,-0.19641950693048038
grain/article199.txt,0.0,-0.0,-0.0,-0.0,0.0
grain/article268.txt,26.839122159803924,0.15524674663294472,0.4330153938035737,0.4885962358030103,1.0391053973819684
grain/article306.txt,28.34281639444625,0.22870928571773802,8.851542435068016,-3.323083659607841,2.19224962606336
grain/article121.txt,0.5603902741920304,0.9284748984980208,-0.7867625607560236,0.17551900742699786,-0.8808837138223002
grain/article408.txt,7.51713542423596,-0.0013730069914377895,-1.2796581205695285,-1.2195041438329701,1.2189052580181188
grain/article353.txt,6.370061216035621,0.9434640737820935,4.139109005421688,-2.593336014734746,-0.26229795840086567
grain/article449.txt,7.183747509134328,-0.2261731343070582,-0.6749831740679797,0.3273220174787393,0.5022560694428756
grain/article062.txt,2.307005003997674,-0.6327240193575793,-0.3508551368000238,0.28489454705652895,0.6270893321416089
grain/article511.txt,47.3368987902226,-6.550377450508971,11.463468512041949,-9.346439818125095,-6.763802613822232
grain/article044.txt,2.769922083353151,9.091475559132553,-4.213015899350189,-4.462955285641703,1.849430521136296
grain/article439.txt,20.083185452681793,-0.04453074816907363,-2.8244019953652124,-2.232598312934485,2.174090578606725
grain/article424.txt,32.76573032376879,4.122844002360403,7.206706548432653,3.3557943834590174,1.6782149268573467
grain/article099.txt,14.058479547034919,-2.10604907222402,-0.4914458982897581,0.7315952597921094,5.636473756462493
grain/article464.txt,49.364169052809515,12.097438265588606,-3.2783377580144255,2.158018225018809,3.905831934681874
grain/article382.txt,1.322990019692183,3.2177045895018757,-2.0371527726166136,-0.38342604387529544,-1.2037844635973818
grain/article470.txt,8.289233256807734,-1.2957679929838093,0.29394100141768476,0.05570298373684101,1.387482793501203
grain/article438.txt,2.307005003997674,-0.6327240193575793,-0.3508551368000238,0.28489454705652895,0.6270893321416089
grain/article266.txt,9.216305394713661,-1.3427588994254454,0.5082817001843412,-0.7715905295269132,0.7699399475705796
grain/article502.txt,0.5603902741920304,0.9284748984980208,-0.7867625607560236,0.17551900742699786,-0.8808837138223002
grain/article111.txt,10.699821059574539,-3.1389199562496817,-0.51738174362664,-1.0675198622259043,-0.42889762596157893
grain/article228.txt,8.373833156148313,-0.06574920425636654,2.2973730043273015,-1.287271957110467,-0.763893437073244
grain/article097.txt,10.438927063620566,-1.1562140412225668,1.434725032140773,-0.16292673317611758,1.387165464120527
grain/article075.txt,14.238333175217452,0.876798594494106,-2.8226288477097023,1.0055821272369638,-3.680949808782479
grain/article437.txt,28.27837076559937,4.618639833940485,3.6916083270536206,-3.107563395294302,2.8765864783348127
grain/article172.txt,6.741525934565563,8.282444621288391,-1.6999902158610483,-4.989694876433249,2.7364531443654987
grain/article069.txt,7.104320446070497,1.1999569152772784,-1.2663006361345346,-0.6637760284011134,0.008879298815827356
grain/article387.txt,11.507771762534135,3.9392685807636734,-3.44214152911507,-0.1344991271962621,1.6675629164869346
grain/article080.txt,7.699225901023582,1.2032059976502265,-2.4368743193206983,0.6300089703046112,-1.1674857140027395
grain/article414.txt,10.506558316831118,-3.1802089947055103,-4.3424607709443315,-1.6527999776206939,-2.511798258866719
grain/article497.txt,50.69998305743478,21.385524345695945,10.996244721451509,-12.226954646103973,1.4137698934108587
grain/article308.txt,41.5389827816299,22.404673326701595,11.055219724077952,-8.584038497348008,4.231524259428706
grain/article352.txt,33.86021046469935,-2.841765375203069,7.514590890564449,-2.174333152575265,4.911960105268171
grain/article028.txt,0.854557190440872,0.45196294591175845,0.9167847465139572,0.3576493720063433,-0.02628973283980385
grain/article430.txt,9.57269363859523,5.473548300831963,-2.443302708065353,-3.206371318906067,2.531870806202884
grain/article400.txt,9.163170687308526,-3.047651235583218,-0.5039348330361748,-0.24616329700583056,1.5086227705712145
grain/article503.txt,8.80897771541788,-2.27783520687297,-2.090980130388801,-0.3199228485453528,-0.19756910168570685
grain/article313.txt,12.970543210949874,0.6408073406182521,-0.059572031513687625,-1.146760818377474,1.784973567385849
grain/article380.txt,0.5603902741920304,0.9284748984980208,-0.7867625607560236,0.17551900742699786,-0.8808837138223002
grain/article034.txt,0.7625997455001526,2.2892296910038534,-1.2503902118605903,-0.5589450513022934,-0.3229007497750816
grain/article291.txt,31.16302419761581,-0.22645523132661471,-4.207927529882975,-0.532663270147183,5.513449981396914
grain/article471.txt,18.779661002941992,-0.9915756422406148,1.1195576417660906,1.2809968944974846,2.0782549390000193
grain/article482.txt,13.139750651711465,-0.1940565352193953,-3.5862909109502166,2.5017229476670595,-0.24384520918224967
grain/article363.txt,7.454388034642549,-0.6377916624663094,-0.762303242150928,-0.23274729255447113,-2.158622764038165
grain/article271.txt,2.602868516009698,0.9537865307636813,-0.2863992649387807,0.5570900508873544,0.1399796254328683
grain/article081.txt,17.155243953956372,-1.1108228224373944,2.7590898086805766,0.3660734201719523,0.8121261222397869
grain/article154.txt,57.572797228919384,0.5941312726386573,3.2922908334424323,-2.3949327740345128,-7.681579843321013
grain/article092.txt,4.316352230944623,-0.5219240134475002,0.4626345234880677,-0.13309153700478799,0.7560504511235668
grain/article275.txt,16.91371716836133,1.6074915212891248,-5.7332438142115825,3.9470843233502455,1.8097217293588528
grain/article237.txt,0.0,-0.0,-0.0,-0.0,0.0
grain/article404.txt,11.40039456224736,3.1014204498515445,-1.2634957925654202,0.12960753218107537,3.6994254467994176
grain/article292.txt,21.72094360652401,-4.910304173832059,-2.0283135358377655,-3.508789871215536,-2.5670658431964677
grain/article256.txt,19.857750570107513,-1.212662885367831,8.725620966470528,-1.7662831467884557,2.264438971637383
grain/article102.txt,19.430695632649424,9.569498772798294,-0.29134107615449334,-5.975109593307536,-2.8443146037173017
grain/article162.txt,20.917893411450947,1.2549454982207464,-3.1684120843115284,-3.6511094184953627,-3.3342232388595585
grain/article188.txt,12.070112026639991,-2.3401144969380763,1.4153866547847174,-2.3839443426983875,0.05697484334905985
grain/article304.txt,3.15787788208016,1.3458643569573978,-0.5593947306871655,2.961024783445656,2.193076342498998
grain/article386.txt,11.962527265329072,-3.083551595558132,0.14253986334716406,-0.9396728476685265,1.3476128623555397
grain/article202.txt,9.809217966960812,4.308609061288806,2.795261703879188,-2.395342982642837,3.325674068460007
grain/article073.txt,6.647434275314686,-0.009730482492057718,-1.488557098595342,2.2616698039901344,4.048307072053491
grain/article450.txt,10.453105910541721,-2.293020002147042,0.7178228076670816,-0.2989320195825035,2.127442163820971
grain/article543.txt,14.899090548352987,-0.9389651113119858,4.6859300871358975,-0.9507274899471656,3.472488031559816
grain/article201.txt,7.06900359699649,-0.8538072395147452,2.281883212573909,0.6585594687811059,2.4433685948588377
grain/article187.txt,21.610249963649526,-4.5034305975663145,3.8851710662129966,-3.854305384364214,0.3418639378710559
grain/article057.txt,10.961838128435692,-2.876821667047262,-1.2794483037458557,0.15161137401994676,2.1589905672266707
grain/article524.txt,27.58652706315419,1.3485586099169156,-1.3469833843907641,-1.3042780149172069,-7.132371140183626
grain/article512.txt,23.89212249257492,-4.333763545652177,2.5537415556718366,-2.859972628431078,7.044161252207668
grain/article138.txt,5.044157714992908,-1.6151143816242797,-0.8404447315448555,1.013975775947356,1.6622784002249056
grain/article161.txt,2.174195374359563,0.3108524984917601,0.6761229447198925,1.6389393921465947,2.309219654052555
grain/article302.txt,8.989015332478951,-1.407948703247963,-0.5357501338308504,-1.4698655194245085,-1.77478574970362
grain/article428.txt,4.947596110669659,-1.4331969909233495,-0.10684375838291676,-1.6518578838820592,-0.6924349854563683
grain/article220.txt,62.86042136108562,-11.414337506257045,3.3298997672036657,-12.889009043300955,8.576665017056623
grain/article218.txt,10.546196950199116,-2.278235218790026,1.7607311736323819,-1.7782070381614974,0.10687573866070689
grain/article517.txt,22.546180526161546,-1.1332465293471239,3.608436468715647,1.8528284365206653,2.857142991596424
grain/article036.txt,7.850803878061396,8.732603094253255,-7.869589793714138,0.1871987420107995,-6.006431901672621
grain/article390.txt,17.262904950987686,-4.2695972017774535,-2.0748345162305584,-3.224875372175617,3.588210917040794
grain/article539.txt,11.728621014818511,-0.003918263503175088,0.06649997235774417,-1.3948452003230933,-2.850425812293644
grain/article013.txt,10.768601469884475,-3.5098891434750517,-2.755351845394118,-0.15258364548806708,1.3887820606138293
grain/article357.txt,0.0,-0.0,-0.0,-0.0,0.0
grain/article129.txt,1.5169956529240767,-0.4860236534725859,-0.18384017289527124,0.5604180136579079,0.9170603593392417
grain/article401.txt,1.1519463409603439,-0.14024248998394107,-0.039528026718898296,1.1212611499043343,2.414313580414396
grain/article156.txt,7.823463906140417,-0.048896912050722705,0.510286198257727,4.346941537344937,8.779628448870412
grain/article366.txt,8.867493927458842,-1.749723019033198,2.835813938269728,-1.038539614521179,-1.4740078688952174
grain/article454.txt,4.976304697477736,9.028884868847081,1.3477155396412663,-4.1669393229468135,3.3250896379190764
grain/article068.txt,8.545068672733317,4.233663652164131,7.6108020313415405,-0.6087797767780654,-0.9033572387281195
grain/article333.txt,18.29865919127889,-3.361131047596746,-3.154322372885714,0.8177635879612732,0.48380160938824857
grain/article006.txt,6.821310796043813,-0.3795372506854067,-0.7909676324563281,2.883197625106266,1.516914461080281
grain/article251.txt,4.541294869172157,-0.47206087827863685,0.5496645155409977,0.1861453461074074,0.6430957126691755
grain/article173.txt,14.266592786328893,-2.8074407815514397,-3.0064397933069325,0.1594601534002168,-0.6584381141466135
grain/article519.txt,68.93909349949024,-11.76870930338887,-12.05109596878107,-2.701667784747127,-4.261042638547332
grain/article025.txt,0.0,-0.0,-0.0,-0.0,0.0
grain/article196.txt,0.0,-0.0,-0.0,-0.0,0.0
grain/article365.txt,11.538940295557744,-2.2591264437655543,-1.2100216176310952,-0.9981921038974597,-0.6273308038887047
grain/article118.txt,8.278145212396078,0.13006780891505165,3.3056901568976453,0.47631930764449143,0.19012506761067924
grain/article572.txt,2.535783464066587,-0.382194303355113,-0.920198939856819,0.25543633143894234,0.5512160333708347
grain/article569.txt,47.434211399176846,-0.27456084901819733,7.468224902445063,-3.2966897546081246,-4.262855317451978
grain/article487.txt,8.050673073095696,-3.0273663841706893,-1.6085431467506093,0.00361924167207959,3.3002286577507234
grain/article364.txt,22.25625505927999,-7.229901183592924,-6.113326881221309,-1.809082607026883,2.540520632918663
grain/article527.txt,12.755749280837408,-2.4814428447173453,2.0795659158264947,-1.1642286921955032,0.6270661222842004
grain/article133.txt,10.659399946745827,-1.8608644780946983,-2.1647961922320267,-1.6452303139962248,-1.7551158561412723
grain/article157.txt,12.470151024355232,-1.307079047175136,-1.91196235036865,-1.4188307512450802,0.6704229126569714
grain/article343.txt,3.422910603686439,-0.09298045255394291,1.459047000812398,0.33303384235033895,0.6444968841675303
grain/article095.txt,9.306948247130137,3.574059462007598,-0.8790091771174325,0.7431863483568201,0.7655478356056228
grain/article186.txt,10.345244477206435,1.9063009907130677,-2.5887514809422174,-0.9094596665659324,4.16139835516355
grain/article041.txt,3.6089518285555067,6.922452703773371,-3.5399257043355123,-5.119187544008927,2.9552571919445345
grain/article433.txt,7.949802633101859,0.05138176161752153,-1.271197894317948,-0.043784191033691924,-1.5312557726964824
grain/article152.txt,11.547930431982694,-1.4164969636716536,-1.1745574376300427,-1.5103502907529933,2.6939785410564734
grain/article122.txt,10.917276711415742,1.1147335902408204,3.0979334400553475,0.21861193569958312,-0.2930457332423402
grain/article246.txt,2.9475260138451214,-0.10418195255279779,0.7131805602592369,1.478697960616419,2.097927416706636
grain/article117.txt,10.105218830900963,0.035819195327633384,0.164427916294734,-1.988008680863211,1.1580900124892561
grain/article468.txt,9.571659747426379,3.6336504723031795,-1.9820325034746569,-2.478421975264613,-1.8908228100743274
grain/article165.txt,3.709930126987285,-0.895883548654834,0.07195797907186371,0.9954890535874716,3.1362633129850996
grain/article338.txt,0.2532895862997435,-0.007756060954819919,0.10735990150745893,0.28793543513137826,0.46920249810993764
grain/article007.txt,22.86361401507979,-1.0054178837273822,-4.584577777053083,0.03781976100817149,7.741102494728725
grain/article163.txt,6.981559687673923,-1.0202054917760033,-1.2962597301462775,3.648466728565388,6.496357190543438
grain/article055.txt,13.875708172925357,-2.953513417920823,1.277334582276698,0.5839832163167494,4.661730178529787
grain/article210.txt,5.2037900201013425,-1.2596568983722274,1.2050219333058423,-0.7630734331273674,1.2359829303211476
grain/article361.txt,12.195778427757864,-1.3820821988156962,3.908956246733306,-1.965216671904198,0.4218364292668286
grain/article510.txt,3.4022574488135975,-0.657728117094154,-0.4310429824279804,1.4687585929224967,1.8770884394273473
grain/article477.txt,41.97295083461704,-2.164413976526823,0.4949820646683818,-10.353753149938392,1.1902072312330025
grain/article322.txt,11.749882364450562,-3.238992571832904,-1.1547764808947643,-1.724637935129607,-0.25107590093672644
grain/article500.txt,7.74457177791738,1.8391802737974567,-0.3871011077244623,0.7410094609106168,0.17825221155208926
grain/article151.txt,6.368512905516969,-0.07595456445634087,1.4518538632885376,-1.8288248396603195,-0.5869806189901717
grain/article141.txt,17.13270429674781,7.926432012536756,-3.4415267794379423,-4.9275198387864805,3.836728064557279
grain/article413.txt,5.255185262513597,-0.4741112653293902,-1.0943609899658446,0.08685437730736537,-0.09617505065020636
grain/article014.txt,15.667483102220338,-4.188972665375171,1.2611357405635089,-2.4922991228053784,-1.2006554139112142
grain/article310.txt,18.791275250282112,2.159442336155402,-3.805306017327816,0.014994577372171405,3.062255604455086
grain/article350.txt,9.680910632143913,-0.43715884753161877,-3.082991137293932,-0.15028736775710316,4.038493720620596
grain/article059.txt,12.065551773857498,-2.756208064188541,1.118809223063784,-1.3160812768877415,0.8872682434562009
grain/article124.txt,20.306265828904255,-4.519632863432184,0.7555100689232869,-1.747601487398127,1.861641812288249
grain/article193.txt,10.427119253961624,5.4211610122740135,-2.944312006044953,-4.808153268860248,-2.1477770976587607
grain/article015.txt,7.027997190627316,6.662305728535776,-4.9238494448556915,-0.5219274101873128,1.2268275910180506
grain/article190.txt,9.994640154693078,-1.4971056837492915,4.696404164429148,-3.0517377621384205,-1.1217766570210008
grain/article284.txt,23.74015007146679,-0.5676104701685711,-0.964880405419688,-1.653831995097105,1.6283638003374572
grain/article224.txt,0.854557190440872,0.45196294591175845,0.9167847465139572,0.3576493720063433,-0.02628973283980385
grain/article043.txt,2.4884530417228903,4.666708662411182,-2.3615642505376266,-3.330809982143889,2.0164329562636616
grain/article039.txt,6.568601092984156,16.0349118636793,-7.865064284562385,-7.760778296154901,4.167962281267744
grain/article042.txt,2.085308003640891,5.9057285248718765,-2.892379316763043,-3.081786671896621,1.1739064499530094
grain/article164.txt,23.43706166116665,-3.3495467398484005,0.8309214966734538,-1.1317658157649517,0.0693739018444056
grain/article232.txt,12.349385860615502,-0.3527381758848848,0.5470414239412275,-0.888853002523195,-0.18812342508291674
grain/article426.txt,7.61632011219609,-0.611759462810985,-0.6890921282648389,1.7006595271996796,1.3567686436371926
grain/article058.txt,7.241224712708872,0.44671450226141113,-0.4818382013572278,-0.5435911673090614,-0.5811542754661172
grain/article105.txt,28.13907434709401,-3.211794382237805,-1.437105523232656,-0.24388772977965642,-0.4525009201645013
grain/article573.txt,7.6974373160286715,1.5336260415672716,3.201217634679381,-2.253144601929504,0.8973653913812839
grain/article411.txt,18.359767504543612,4.3177434823789245,7.690205245841669,-0.8604801735115051,-0.2709797836690759
grain/article136.txt,19.176612442898243,-3.5982441599261743,0.845490978807906,-1.1911429776599587,2.6277700922014238
grain/article422.txt,0.2532895862997435,-0.007756060954819919,0.10735990150745893,0.28793543513137826,0.46920249810993764
grain/article457.txt,15.146783865223494,-4.276315006099346,3.275833927442487,-4.0171171682598885,-1.7677098997441925
grain/article467.txt,2.819021545737965,0.35908629794688257,2.641461927740669,0.27229723400458156,0.3789953890355433
grain/article311.txt,7.77548610286948,-1.3028567680311514,0.8927568223389057,-0.1257048707179442,0.724712939451946
grain/article429.txt,4.829328492127035,1.5039623546719827,0.2995117466017114,-1.4505333453905014,0.6998255683717306
grain/article184.txt,7.592650761482933,0.057692005852292776,-1.339272912924733,-0.7599611610086127,-0.6818551246763155
grain/article513.txt,2.449767443043845,-0.4455286861415935,1.2743397931357179,-0.7660287590656047,0.010680154708152699
grain/article489.txt,11.979784301644147,-5.102876371867628,-0.06769294379722235,-4.071192904008057,-1.1820105597200572
grain/article030.txt,5.28577834990672,-0.845055038761045,2.0748706105808483,-1.3165929671662033,0.697648382292867
grain/article238.txt,49.05262848075341,-15.333468444635034,3.675774467102414,-10.292815179091704,3.3969824083481144
grain/article191.txt,4.946646401583837,-0.1970413716869845,1.8233388229887024,1.145605772901778,3.0578541008579676
grain/article542.txt,23.929321520339144,-3.9458769264625757,-0.7437499179001992,-3.3308401255180833,-1.148154532717314
grain/article206.txt,34.19277354379596,-0.3062657004784425,1.2024395299738073,1.0143686791653923,3.4707763211948413
grain/article205.txt,1.868583084301482,-0.44003854878113263,-0.04313023008861211,1.0236226143357923,1.0387068699398185
grain/article146.txt,7.04124994531132,2.0496229786426974,5.3353543222879685,-1.0266330020736376,-1.7339485509949346
grain/article112.txt,15.91153374219539,-1.9210548881297544,-3.2544672685067173,0.10506247495564679,3.9705807020663553
grain/article493.txt,2.3425756177781394,1.4063434676847477,-0.27602769037854324,-1.628890746486687,0.31761684350197905
grain/article369.txt,8.715369185882032,-1.3901514830339292,-0.21858117274031588,-0.6946272383630875,-0.10683953282268696
grain/article159.txt,11.028620231193132,-2.4492293564499925,1.6192724423819955,-1.3948270510720249,-0.09771255142025374
grain/article303.txt,2.1723356994022796,0.7702427185140305,2.6580842629550543,0.5765063831004462,0.8248888754364307
grain/article530.txt,53.297062812583036,-5.297115213405179,-5.560508699175476,-2.6153897786918536,3.056124746928538
grain/article479.txt,1.017607754611103,0.4860024011573635,1.7765520963132218,-0.1271298702526957,0.3649635395352818
grain/article466.txt,12.872723741470642,0.7636450164161668,0.5940900211160157,-1.5000808672156118,-0.09860813761315583
grain/article399.txt,10.077388222963615,-2.154921510584462,-0.3133892164317057,0.32256609354268756,1.6352067313922678
grain/article540.txt,6.647434275314686,-0.009730482492057718,-1.488557098595342,2.2616698039901344,4.048307072053491
grain/article119.txt,8.980362262497081,-1.0016323461849506,-0.6061818911106289,-0.7419885459240163,-0.29485330565475765
grain/article052.txt,1.017607754611103,0.4860024011573635,1.7765520963132218,-0.1271298702526957,0.3649635395352818
grain/article227.txt,1.2592291044266761,0.8041996214857906,1.6595095089220553,0.07682497778829653,0.17333001122917577
grain/article295.txt,10.191056448253104,-1.7317455542602462,-3.1815895744214617,-0.49699667277874005,-1.0989831879955452
grain/article334.txt,13.21676410502826,-4.129165387079181,2.1612214445313476,-2.5115047901493828,-0.06769741847790287
grain/article575.txt,1.1687371109276048,3.2152680471238493,0.7419368925966289,-1.8839934228426558,1.011726969519781
grain/article529.txt,49.72214242886874,-3.311121600254491,2.9472002386910177,-5.398392843811444,-4.528120594473948
grain/article046.txt,3.820781899035816,7.01532962633167,-4.090033096597398,-4.822381648803467,1.6565975111967084
grain/article037.txt,13.654399799275506,-1.6862138753810685,-0.9484846553141995,-1.7522487568642986,0.008039656557132246
grain/article474.txt,16.32440766369501,-4.538723237006542,2.281825458290771,-2.07393680104098,0.25453614390202284
grain/article574.txt,1.1687371109276048,3.2152680471238493,0.7419368925966289,-1.8839934228426558,1.011726969519781
grain/article520.txt,7.7983358789516535,2.0682146756976594,0.7458632569165837,1.237265287027103,2.471364089140306
grain/article528.txt,15.34986270866182,3.5523415841282984,-5.396685962050542,4.892217930985631,-4.563788173587513
grain/article064.txt,13.481864106037818,-2.626533182011664,-1.9654611105001816,-1.4215625066669668,2.3582161093918477
grain/article135.txt,14.271026199633488,-4.441707254913765,-1.813436225548006,-0.42500006828514786,4.9262904885557
grain/article198.txt,0.0,-0.0,-0.0,-0.0,0.0
grain/article346.txt,47.97046963770283,-2.742278260343269,10.85563681602521,-5.661625937105198,3.569224173490194
grain/article367.txt,27.09475582450642,-0.6256545334557684,12.181815149485882,-2.969254693333865,0.9363286490871466
grain/article490.txt,54.097055979179046,-12.084947483398341,-6.016027981412736,-9.341372816868937,-3.9731061080653767
grain/article269.txt,7.313399077024034,-2.9533843375319995,-1.0279401656476421,-0.4532390011328989,1.3038290562125718
grain/article305.txt,3.8998241502388873,0.2355526741529468,1.4158113998533564,1.7898055893313554,2.922546714418486
grain/article018.txt,17.850613382426264,-2.090968294434282,5.40087870715387,-1.4825937074837376,4.059144229225696
grain/article475.txt,10.638374662264528,0.5896984753339617,-2.628579611606901,1.2268542641284135,-0.9317457927573708
grain/article209.txt,8.219435036206903,-2.9131169157320436,-0.9200201493226007,-1.4576436192162723,0.6082962811530046
grain/article326.txt,10.342145394450172,-0.8279352184156706,3.5890707701262388,-1.9486852659765441,-2.758424802304134
grain/article086.txt,21.804927207475554,-3.131815899040621,-1.48394918582801,-1.4105583511643762,0.8318402058468005
grain/article383.txt,0.7625997455001526,2.2892296910038534,-1.2503902118605903,-0.5589450513022934,-0.3229007497750816
grain/article321.txt,8.069886689025502,-0.42725507774334626,0.2737779953588483,-0.2854838990733683,0.2701894066610434
grain/article104.txt,39.54998887441514,-5.274363284932852,2.333237208016431,-2.5983730623005137,0.07987684904819518
grain/article448.txt,29.630852952233138,-5.962907840542374,1.3269963703367236,-3.5499110302620047,2.7035665224331242
grain/article319.txt,1.7451551221533221,0.22393983503593973,-0.015860671303406144,1.788420598623211,2.3443265627088676
grain/article555.txt,22.016345578772224,-1.3767585629616532,-1.3869493788548597,-3.1728335567089614,6.921172398113216
grain/article242.txt,9.146961806156915,3.242455480177596,-2.3825014043066473,-1.6395952817132402,2.9685051128469784
grain/article465.txt,4.371302417532267,0.9561553999307698,-1.230064004057012,-0.2146978805246811,-0.8792325809944169
grain/article244.txt,8.507884443376422,1.4553108733890983,-0.02622529508175036,-1.0082343322785572,3.5500611011174494
grain/article335.txt,0.0,-0.0,-0.0,-0.0,0.0
grain/article026.txt,3.794335030874712,-0.7747024242136353,-0.7926507136692552,1.7262134374326965,2.8837945255119304
grain/article235.txt,1.7278534805853887,0.1832134981495086,1.4132447002751571,-0.4885696082043432,-0.14259616608630463
grain/article440.txt,18.909457044237794,-0.5424863327607414,4.1780892615971075,0.023880970092305834,5.884098296321148
grain/article485.txt,15.703567950117968,-2.242661997703647,5.595074809409909,-3.407814808440092,-0.43919032206539577
grain/article149.txt,8.828450813759318,-1.330914491292868,2.312020716126347,-1.2777957871512409,-0.6993527914418346
grain/article175.txt,0.5603902741920304,0.9284748984980208,-0.7867625607560236,0.17551900742699786,-0.8808837138223002
grain/article274.txt,7.104320446070497,1.1999569152772784,-1.2663006361345346,-0.6637760284011134,0.008879298815827356
grain/article462.txt,12.207826463853781,-3.0437296196484827,-0.19495900719789952,-1.68360968074913,-0.9024905910897233
grain/article287.txt,11.45947358750268,0.9943675521791006,-4.2073815295675265,0.5913394837570775,0.23985811098364332
grain/article412.txt,0.0,-0.0,-0.0,-0.0,0.0
grain/article505.txt,69.50535150573846,-14.767641608293031,-6.240895645742913,-9.902240124645314,-1.999371235679588
grain/article379.txt,5.73976365438349,10.420378945405103,1.557116531113852,-4.653944501289999,3.1115197837442077
grain/article100.txt,10.023433040467875,-1.58776287811302,-2.6395570818078107,-2.2863433230705508,-4.164990159272921
grain/article132.txt,6.991000220501102,-0.2921863070618844,2.8088315615444137,0.8993882964626044,0.9584503514567152
grain/article215.txt,8.992090768357238,3.34139908304515,-2.1834124347805037,2.2053185732925895,1.3255030979048212
grain/article259.txt,10.36714942601919,0.4917227243378345,0.11882519540002183,-2.200584147097792,2.584257993340186
grain/article192.txt,13.88452103913398,0.5723001673143305,-3.6368950356580543,1.1818133319481836,-3.0466730929308206
grain/article441.txt,1.017607754611103,0.4860024011573635,1.7765520963132218,-0.1271298702526957,0.3649635395352818
grain/article000.txt,9.192000303630294,0.980034002886217,0.08048150101605882,1.114423534671232,3.3985617073655723
grain/article127.txt,31.599935079214337,-6.820196240855552,1.2950519158298148,-3.0485080851556705,1.1624981854970564
grain/article197.txt,0.0,-0.0,-0.0,-0.0,0.0
grain/article491.txt,11.432567714237821,-2.312419667292821,1.4090459779594358,-0.9564834782092064,0.9692820324394843
grain/article272.txt,35.63429859588412,-2.38063762593596,7.956741335950757,4.756602248384679,13.497051279351272
grain/article339.txt,2.684628579176813,-0.7595190891483035,0.1651659565444912,0.01819562124882654,0.9565509816256721
grain/article010.txt,4.281142233365346,0.12464147309084747,0.7213132978424667,-0.3375864787505337,0.4329412312005682
grain/article443.txt,6.859322555750132,2.020125046987779,-0.6044636867463166,-0.4057436400674026,3.3012469574160463
grain/article560.txt,12.946541857201385,-3.6473243726146856,-0.25449089696086624,-1.0578769545070887,2.5857106020338456
grain/article504.txt,8.556635344737254,-1.1840526952892356,-0.48154258051258136,-2.21279248763403,-1.5245549088787995
grain/article431.txt,8.959541835353583,0.24870259066900624,-0.5239534963588505,-1.7408889388180515,2.5688036316201464
grain/article216.txt,4.496138910050637,-0.5210220162863842,-0.1580462984995615,0.649383355933183,1.4911585487457981
grain/article516.txt,18.465416105104232,-4.453573574917773,-1.184516076926684,-1.8723490376663086,2.954020071500844
grain/article425.txt,19.37062950911543,-1.9894905797171047,1.5956383840495234,-0.312728556056105,-0.0487952565713521
grain/article473.txt,14.97959752786802,1.0032455032703602,-4.74724439260893,0.8224653751501417,-3.6620146082270426
grain/article347.txt,11.917868504902298,-1.5055302828712165,-2.4101635405317023,0.5912271637668477,2.079280538028048
grain/article435.txt,11.022114785903218,2.43675345267848,1.895273146083531,-4.055040004202204,0.2603607397882758
grain/article455.txt,0.5603902741920304,0.9284748984980208,-0.7867625607560236,0.17551900742699786,-0.8808837138223002
grain/article281.txt,1.8732723998432959,0.5013863407041802,1.8626187688590725,0.8241873900645625,0.7818804512934778
grain/article496.txt,20.42033061587203,-3.7131360624449883,3.533017477350677,-4.268912448093203,-0.9986257077483193
grain/article446.txt,13.338384395233152,0.6758017104902231,-2.068244282393006,0.9966929009048138,2.4780675289604885
grain/article434.txt,9.087627482839777,-0.44452230299830364,1.2150240336096607,-2.4301997783816516,1.265558486878565
grain/article549.txt,13.614304312627842,0.5782879059482329,-0.13908680471906276,1.5222633558776737,1.397875985986522
grain/article273.txt,0.0,-0.0,-0.0,-0.0,0.0
grain/article203.txt,11.456664096353146,5.530261039658015,2.424977563952819,-0.9977076938713786,3.717094468830524
grain/article183.txt,97.97622871495,-4.759748092570206,5.921979134065607,-0.5014784805619728,12.104054149260342
grain/article148.txt,9.483252493957718,1.3386500585455283,-0.2785481179644493,-1.5834389755931912,-1.7409939320487602
grain/article178.txt,2.6871037000377487,0.6032016905320853,0.6999931739115183,1.1659482115103197,0.5863077634092635
grain/article174.txt,9.05889380546819,10.929600485739156,0.11859725082915537,-4.74360964947632,4.690990794322469
grain/article189.txt,16.367340881560374,-1.8650832963176471,-5.3889654485048215,2.1842564771937916,1.1458194733968836
grain/article222.txt,18.180610776484272,-4.071966369011958,1.5734947263945085,-3.881992063436163,0.5756704422533435
grain/article185.txt,14.830332717263957,2.9393311372852877,-0.30423529281266964,0.11275683667322524,-1.8286595377449877
grain/article219.txt,16.098604754375955,1.2386631889204425,-1.4011895262186986,-0.7599436521103319,-1.8078563226926516
grain/article340.txt,5.842647390934464,-0.9123674325895978,-0.1800861734026995,2.149774774438246,4.235075877975119
grain/article436.txt,21.185014901814792,-2.2866220385780447,0.0635004341130593,-2.016953778007909,4.546782976832059
grain/article348.txt,7.642579040675827,0.08605982691888975,0.45006524682603777,0.08498976383765644,1.574175313228283
grain/article089.txt,0.5603902741920304,0.9284748984980208,-0.7867625607560236,0.17551900742699786,-0.8808837138223002
grain/article226.txt,66.8700809535841,12.762086365446699,4.609955934929921,-18.15593691392303,-7.572287518067467
grain/article469.txt,3.6671709337744955,1.3599537612686021,0.5970260753547623,2.112650681721888,0.5982659416790725
grain/article452.txt,43.08180091870566,3.4137413708816786,-4.500680035383426,-3.3733339939057685,9.488300539639186
grain/article109.txt,20.837089295753447,-0.8521555783560619,1.256905230887656,2.7027219582212862,0.9575639166240454
grain/article113.txt,10.698809331786572,-0.5812399804068257,1.8287689042366713,0.48571804560059584,0.38777342873658466
grain/article066.txt,1.1830748928633856,0.22662112123298409,0.9018620760963622,0.6723348053723255,1.0420825724654788
grain/article255.txt,19.706178418614396,-0.3473092940789072,4.435211869565038,-0.7759516780179798,-2.1517562242873436
grain/article307.txt,6.182852777613889,1.0507839389360412,1.1927689902745162,0.17730389442592687,0.06550931916145793
grain/article544.txt,0.5603902741920304,0.9284748984980208,-0.7867625607560236,0.17551900742699786,-0.8808837138223002
grain/article085.txt,26.25736936006463,7.7672905177474885,-8.946352682896194,0.21702195460710316,6.527853995779037
grain/article548.txt,18.627790357900484,-1.4113510616173812,5.281234218869235,-3.557082759312668,-1.8471441891146922
grain/article212.txt,2.4276140144060494,-1.0533626867532644,-0.33635520841569544,0.2899638298147946,1.1318200966294454
grain/article406.txt,26.876202165513025,-1.3269180240276768,-2.168831187727952,-3.8477377245648623,-2.848949765994813
grain/article254.txt,10.611230241534004,-0.045313595719025455,2.4146219138483747,0.3999581612253768,3.0485101628867612
grain/article282.txt,3.5381974954527586,0.06484814897444244,-1.9870120675014797,-0.564522721243355,0.24746337172485547
grain/article053.txt,10.035833259700112,8.351294439438695,1.9233383449625958,1.5775885297921062,-1.3484582797584568
grain/article098.txt,14.45708124658556,-1.6484302607552057,-3.656332651499689,1.6942815016270438,2.7929975741967725
grain/article221.txt,9.043436902422492,-0.2324314479990431,1.6851762594162014,-1.5351383723465086,0.9928788595474972
grain/article423.txt,6.472880933987472,-0.9697013943527627,-0.08765472359033218,0.9307264627495052,2.8186013814493083
grain/article145.txt,27.89285697778727,-2.170238596926732,-3.7357545739439724,-4.797952228363409,-4.249510708300394
grain/article155.txt,7.005203811228205,-1.3865730015827082,2.0699317647332895,-0.36364632887009063,1.250014779821409
grain/article288.txt,21.973692316828302,0.0900774615202144,1.3043718568239824,-2.293172171461,1.2003266678322364
grain/article552.txt,9.927134621951561,0.06859188438225652,0.8837829302369599,-1.0227526043031856,-1.690443151692216
grain/article024.txt,0.0,-0.0,-0.0,-0.0,0.0
grain/article267.txt,1.7278534805853887,0.1832134981495086,1.4132447002751571,-0.4885696082043432,-0.14259616608630463
grain/article463.txt,9.852770245630438,0.4013656884006455,1.586162214201046,-0.3560847006047381,3.1263735183099075
grain/article022.txt,7.850573289314763,-0.021729831356414174,0.5563316496738767,0.730490757772896,0.23843419279683972
grain/article153.txt,41.671127521278606,-13.827850101350355,-9.969623358080717,-1.0633599656292032,3.8469795879912323
grain/article355.txt,10.25734823049702,2.967267682880832,-0.01970235254281777,-0.7040711535187927,-1.871855879101955
grain/article023.txt,8.81272471267931,0.49472468523032376,2.266508385116419,4.251113115073055,8.56243475184136
grain/article377.txt,23.050886667911506,6.303383519937819,3.7154365442373636,-7.883639304131861,2.2567810765175498
grain/article567.txt,0.0,-0.0,-0.0,-0.0,0.0
grain/article327.txt,5.961909040421837,-1.3208253381290127,0.10649532028543612,0.4817397823786167,3.041579963606829
grain/article079.txt,4.616214643992127,-1.2571596052224296,-0.4721532825868391,0.7627767378909239,3.132056650405805
grain/article204.txt,7.712775561516135,-1.0166754899000305,-0.0806097033892246,1.2936767623725167,2.302720877342893
grain/article213.txt,3.6739754852801187,-0.35924983599708404,0.892850657178164,1.260405082870822,1.8696226087297019
grain/article330.txt,11.530865559315483,-2.258678501646549,1.442396019258636,-0.7812143126627027,0.6217260449301237
grain/article577.txt,42.726104353372186,2.214524182387356,-0.18628328094720048,-4.77965566222753,-5.661717411610604
grain/article065.txt,45.15146660198411,-7.334353999540559,-0.7079589806147262,-3.7609700232703136,0.5744122088292054
grain/article071.txt,20.91776286831399,3.0098914854579566,2.486355179357802,-0.4856355593375557,1.4704163024109398
grain/article128.txt,4.133779259640619,-0.6233771038349311,-0.1292931873601322,2.363866346297449,2.70253869719283
grain/article002.txt,4.831238784314229,-0.843442931877994,0.8110805381102472,0.6170261238008823,1.9602763465795014
grain/article550.txt,9.91382517078924,0.8333902592680394,-4.3772388491217455,-0.8640941978796658,1.7980257947650795
grain/article403.txt,2.1578858590872763,0.6717131924566699,1.5126215806956977,0.9101506925612521,2.1184410935336344
grain/article262.txt,7.860811995441159,-1.842114428945688,-1.1353659192542735,-1.052276610369433,-0.08054979998288311
grain/article038.txt,2.04881864195461,1.916319543004029,-1.6334616212581043,-0.35975421430177373,0.37669633481053
grain/article230.txt,14.070665279189104,0.28484756436872705,-0.3375271494172604,1.2038466463185067,1.4453349971315794
grain/article324.txt,7.814902419644011,3.3420866854250675,-3.6631110614233813,-2.180361827917365,-1.1319188624913394
grain/article033.txt,0.7625997455001526,2.2892296910038534,-1.2503902118605903,-0.5589450513022934,-0.3229007497750816
grain/article409.txt,26.867862012521268,0.22928336205332392,-1.7497907946431075,-6.932941258236751,-0.017348824895819168
grain/article003.txt,35.80386677365415,-5.438523652658505,7.787847000800568,-2.723934212274031,0.09232357208051038
grain/article318.txt,29.237681653766447,-3.831681277262364,5.563642308862919,-4.851376833324993,-1.1826792977661986
grain/article532.txt,7.961687375836406,9.433300219090956,-3.213802014432328,0.08503754284490232,0.3113401002633884
grain/article331.txt,10.777070824788026,-1.9739887149150426,1.7911540678498696,-0.5235939380046642,0.7995565980664598
grain/article523.txt,26.071928136073918,-1.3841229131817867,0.6098600021266074,-0.4938745143418977,-2.280336974576218
grain/article373.txt,37.39228296424355,-11.679165023315598,1.0127431168001646,-6.84587294951675,0.9296940585158119
grain/article253.txt,13.505328262589428,-1.8149195420290771,-2.69637592323918,2.0823151409195715,3.564261548696251
grain/article521.txt,13.584893759702753,-0.7610445432597966,-2.1698383028170896,-3.7545578150504824,1.7410826004457172
grain/article126.txt,5.678164988172393,-0.8463785051954944,-0.4195598239745144,0.9255040749496355,0.5875598274620979
grain/article372.txt,6.894889743372344,0.14549009719474645,-1.4933984415371946,2.5076149455763206,4.187091556955408
grain/article194.txt,8.109817854824795,-1.9414001223471435,0.5460361422421391,1.0633943053602013,4.7573044705400696
grain/article207.txt,74.59614374208361,-5.825142226401756,-1.3365878135007097,-4.634636471258072,2.1172137836671117
grain/article008.txt,6.780491520446257,-0.5824535685550972,1.4001734907772105,1.936728632835282,4.382450739086448
grain/article150.txt,35.656558026286696,-1.9104891835113507,1.7056403068879356,-2.524541205545816,0.8253412141512082
grain/article035.txt,0.6066284139243676,4.082264377517501,-1.390882953313701,-2.2033921761878736,1.6739488921416559
grain/article277.txt,25.615998568866605,-8.282329889925046,-1.337560627662536,-3.9415800010676683,-0.1738895232270419
grain/article264.txt,7.20370721309451,-0.762148588145457,3.121320652918645,0.2050816745028845,2.2524646306695946
grain/article108.txt,6.398949346322921,-0.01484166079055497,0.8292658264205518,-1.747436464273446,-1.4429564087983553
grain/article300.txt,1.7278534805853887,0.1832134981495086,1.4132447002751571,-0.4885696082043432,-0.14259616608630463
grain/article016.txt,18.08476055560157,9.155391001608404,0.07394509181834519,-2.7104225714530306,-0.07782397581306873
grain/article009.txt,9.7965015663006,-1.5180100434043202,1.9306489715256234,-0.4597103676888743,1.514510084849947
grain/article169.txt,10.308557528439,0.10731998960106953,2.180511420444773,-0.03378693074480525,1.9191604990835527
grain/article223.txt,11.117470528432158,1.7240771650192543,0.8773128627700066,-2.5851440149877525,-1.3959525171743346
grain/article160.txt,13.908005915398673,1.2639380300354335,1.1398935270702881,1.4184572972765237,-1.6460347204213692
grain/article070.txt,20.44565492759749,-0.9979651262707823,-5.497164198035005,0.5603755572127121,3.4043814400181196
grain/article116.txt,5.439294154923489,-1.5510301606564783,-0.6851854412913664,1.5809997399188496,2.113654063310732
grain/article418.txt,7.216630188657499,-2.6897938764702376,-1.8503922484590463,1.9739276985676906,5.382865406511992
grain/article581.txt,9.871724270141872,-2.841592417004229,1.8201663677725421,-2.611014919922402,-0.15217753539624196
grain/article371.txt,16.376061118365882,5.282324038477958,0.12592911126828443,3.7014685327387817,2.8986185243191587
grain/article565.txt,1.250244186038006,-0.08650132433766797,-0.006177985419698132,1.2965303154508405,2.066757592905035
grain/article537.txt,5.92939347145477,0.5867740352180653,2.936410220358474,-0.23249776392771143,0.2951037465010854
grain/article417.txt,32.52911783072702,-2.000535263540889,3.6537385393802917,-4.083921142915175,-1.92865014541216
grain/article332.txt,6.753467416915848,-0.899969188310379,-0.40562243100303524,1.9762287318573624,3.849288086624435
grain/article545.txt,17.89311016676671,-2.5808125641482187,2.817990286699389,-1.8553664425316223,4.316396092973768
grain/article525.txt,39.402835570360814,-3.867899420837643,-2.4424543394658524,-1.279680765304901,11.924019099909128
grain/article248.txt,2.1991343369558365,-0.3067951158480875,-0.008840969723566926,1.3097161101940564,1.0823634514114537
grain/article579.txt,42.164400521745094,-8.501663288434576,-5.238011270561742,-7.995277049704841,-6.6082328881344745
grain/article360.txt,9.686144853808168,-1.303154807095527,-1.4348750611543817,0.8578207054344255,0.5030979734829197
grain/article142.txt,4.924930604434909,-0.03256587446301209,1.1859685955074815,-0.2717901529302594,0.764725527609213
grain/article508.txt,3.961675480186629,0.8471070104676606,0.9293867222483103,0.2984840832817854,1.2352078809273253
grain/article182.txt,9.855676080540091,0.7660379733368644,-2.5476554206892326,1.2939651779293566,-0.13760745812435038
grain/article396.txt,12.955903801521796,0.0926768651597304,-1.8951965981433307,0.014714885987865923,-0.9238063257219039
grain/article478.txt,9.451484498289156,-0.5025000816646009,-1.2666169697652387,-1.3860720551119643,1.9974777720802328
grain/article432.txt,6.7608363447328,4.286643180805263,0.891280214993123,-1.4285043770486152,-1.7581672354281717
grain/article395.txt,29.722191499214738,-2.5288766373542466,-3.2747121480619534,-4.02697677470358,0.4869717912043938
grain/article279.txt,7.406760178898561,-1.365785433386712,0.5398071684725505,0.19794757833690654,2.3554278214162183
grain/article554.txt,6.685592904133533,0.15091708942506427,-0.48078585363190585,-0.013339587908629266,-2.3289116554636387
grain/article354.txt,5.919941287984378,1.9971823618658562,4.596231763249585,-0.6481700722870477,-0.5579615845893366
grain/article388.txt,2.769922083353151,9.091475559132553,-4.213015899350189,-4.462955285641703,1.849430521136296
grain/article317.txt,20.55505014526415,-3.717462035041402,0.9342797912146756,-4.341922521762269,-2.013081307512179
grain/article459.txt,1.017607754611103,0.4860024011573635,1.7765520963132218,-0.1271298702526957,0.3649635395352818
grain/article131.txt,34.533462242081484,-5.018278376860476,8.41429406760664,-1.3755659838955088,4.113833621888134
grain/article501.txt,1.2926099138213103,-0.36991730378916216,-0.02336621672916297,0.462992039383625,-0.16844992026737932
grain/article507.txt,15.492440141171635,-2.3734360475093075,-3.7305901191816133,-0.32712014830618813,2.7425968997468293
grain/article114.txt,4.68939193068339,-0.9152832138006154,0.763181149364217,0.3379375949607667,1.9781031816036136
grain/article032.txt,8.18457829060696,-2.3834778857514296,-2.071210335751855,0.9411157566885809,1.5493234080481273
grain/article351.txt,34.051192332347775,-8.389168867356803,-4.207091178481443,-1.0740309223403601,3.495571968774134
grain/article090.txt,13.030117892416564,1.9707649186225318,0.5146540853663807,-5.087805281435431,0.6316858186837613
grain/article460.txt,6.510769699573118,0.0293498401992989,1.845866628424987,-0.09846941405594357,0.3088660182767646
grain/article239.txt,7.116850387426978,-2.3459140503170843,-3.2290869766580292,-1.7003850211781566,-2.113459556399098
grain/article499.txt,0.9671073779010979,-0.06421240333062453,0.1455271853072795,0.9601641666085211,0.9039462448922446
grain/article236.txt,9.084168841059281,-3.656135310051215,-0.7101057188690948,-1.403489905931455,0.5676970396128649
grain/article374.txt,9.264309745617007,-1.3075667264368174,-2.792637705943012,1.2954279649500517,5.575556063398332
grain/article301.txt,0.0,-0.0,-0.0,-0.0,0.0
grain/article147.txt,12.376569380790379,4.654363042108017,1.1502879038954,-2.677948848265487,3.1073273402611274
grain/article229.txt,10.300084794882993,-1.0956126988594836,-3.9441201018469467,-0.7095485852305029,-1.9277067191364272
grain/article067.txt,0.0,-0.0,-0.0,-0.0,0.0
grain/article234.txt,10.925028134695191,-4.586697198600842,-3.5339806699060428,-0.7482285644190287,1.4919038255456782
grain/article538.txt,14.421988046521141,-1.180036116134572,-4.356892923921517,1.3368789796490737,3.6768048319055575
grain/article247.txt,8.763847338109779,2.4177265125908574,1.815503285511416,-0.24736712356909463,0.9857575426961496
grain/article526.txt,1.017607754611103,0.4860024011573635,1.7765520963132218,-0.1271298702526957,0.3649635395352818
grain/article084.txt,16.38237679993133,2.0994567670933244,-0.6343126187354293,1.232926637040918,4.358111217879831
grain/article314.txt,25.46816712190258,-6.379022598641893,-2.0956234862242864,-4.46023972481583,-2.719765109126198
grain/article143.txt,0.7643181683113598,0.4937584621121832,1.6691921948057629,-0.41506530538407405,-0.10423895857465586
grain/article045.txt,18.806078322684574,2.175080073510064,-2.199537423542379,3.713240841677679,-2.230105708934555
grain/article564.txt,1.1830748928633856,0.22662112123298409,0.9018620760963622,0.6723348053723255,1.0420825724654788
grain/article005.txt,59.206207705212215,29.758058319173628,0.05355292600615994,-16.32662377508428,5.517270907473797
grain/article370.txt,6.575368478638889,1.5747917947364392,0.3075101229459051,3.2878287780811823,0.5288877457914887
grain/article580.txt,0.0,-0.0,-0.0,-0.0,0.0
grain/article451.txt,11.94609503075568,-2.479504247758558,0.6955929025024002,-2.6869354594283736,-2.2567693603442076
grain/article249.txt,8.553130625358595,-0.4779457103494727,-0.6780252626201103,-1.0626565713045548,-2.038085914201206
grain/article123.txt,33.86007140529464,-0.6028538190606959,3.340618266090587,0.8845773301731208,2.047111737540751
grain/article074.txt,18.23501899951095,-3.322517569415291,-1.7814362156189285,1.9544105734545192,1.4390522906878063
grain/article208.txt,25.028353303325964,2.1099311858389607,1.0591187629824816,0.566882746685843,0.6472258014434072
grain/article551.txt,10.901570155637195,0.8122045748468645,-2.0190462646097482,-1.362211761899463,-2.908764828284952
grain/article562.txt,10.792517732454101,-1.5092056618046568,-1.1816527718480885,-2.514325113293731,-0.15808877242015076
grain/article298.txt,12.027868048304262,0.6239223107837931,-0.15850617948838086,0.28414004497654144,3.2742725971400395
grain/article397.txt,7.112498225337753,-2.580558401474886,-1.9959435342075593,1.7566682394759918,5.400003380813331
grain/article280.txt,25.146898066510225,-1.110350134557581,-2.1218957164996985,-4.526910750136599,-0.2362127520778646
grain/article195.txt,14.680471421692376,1.8116545053536652,-1.5255247043203441,0.014894500380507894,-4.173345037916542
grain/article076.txt,6.680264138022862,6.883835962243241,0.06138949642798684,-3.21545142167273,3.231657701628106
grain/article265.txt,7.077062419944639,-0.7582705576680467,3.067640702164915,0.06111395693719586,2.0178633816146267
grain/article391.txt,5.738630148815531,5.709453395254123,-2.7790323671241857,0.34917460088783187,9.445069150115883
grain/article323.txt,15.198679338478911,-2.0283182973173357,-3.7082836503688057,2.782637060456522,2.053245244442291
grain/article480.txt,16.321997444222962,-3.9117028021144535,-0.5632570887412894,-1.4375375400052977,0.9095799343248164
grain/article558.txt,73.98506676059058,-8.274391087162167,-5.768062143683798,-3.595296147392557,10.016684000642826
grain/article563.txt,47.84027720856025,15.204771275313668,-0.13442021125559409,-5.203401055895987,-0.5869627568328901
grain/article110.txt,11.624282934377113,-3.046290290362091,-1.0543472527489017,0.2043339450364202,0.26220397868569106
grain/article214.txt,21.32134694662294,-1.759119163305806,-0.21081576323833223,3.529323688130316,8.308170277805477
grain/article416.txt,0.2532895862997435,-0.007756060954819919,0.10735990150745893,0.28793543513137826,0.46920249810993764
grain/article063.txt,38.74427147833434,-10.860631170987224,-7.907392028436034,0.5427944985332099,3.6245077930866683
grain/article345.txt,40.41268508902815,11.598311001417011,-0.279593501115538,-2.255991702577565,-0.817741811604189
grain/article476.txt,23.296708144358146,6.939636637243661,-6.809373066501975,3.656229780403118,-8.732571069168259
grain/article103.txt,28.13907434709401,-3.211794382237805,-1.437105523232656,-0.24388772977965642,-0.4525009201645013
grain/article048.txt,2.4884530417228903,4.666708662411182,-2.3615642505376266,-3.330809982143889,2.0164329562636616
grain/article245.txt,4.377068415037489,-0.21263604587046855,0.17971652217135523,1.706574480111424,2.9534469604955027
grain/article125.txt,7.477551300283487,0.7065257798006647,-0.34140969589933234,-0.8035907643169459,1.499724526677286
grain/article060.txt,2.0667491474825623,0.20532769724815034,-1.0200475076003406,-0.6304359793326777,-0.04653126160473218
grain/article087.txt,11.507823069404285,0.9902583937661394,-1.699140242417926,0.9566964547820408,1.3517642611023657
grain/article088.txt,5.317803861589827,-1.6329116018383119,-1.1576136926353895,0.23873749488593682,-0.0056678166560277556
grain/article054.txt,3.7006629261047874,6.49090089453433,-4.080562094225556,-1.3336765993406712,-0.034503915684663995
grain/article541.txt,7.637867653614331,-2.2556207855897785,-0.45382087174816504,-0.9808281012066521,0.32574151199591284
grain/article096.txt,8.2793768506172,-1.557317712166582,0.5053175771941435,-1.8885562228861972,0.023982744049905812
grain/article001.txt,9.18754677083558,1.942807673734208,1.0651346517838398,1.3912538129518484,-2.257267065141817
grain/article299.txt,7.144816392456297,-3.025452164985655,-2.42609950409962,-0.41028537533287496,1.5325033208082057
grain/article329.txt,10.261157796468904,9.214899812386665,-2.8485326725989544,-1.320376998611268,-0.7057762588464123
grain/article297.txt,8.267228028461828,-0.7905671485586,-0.6011091173566475,3.4758005860929058,5.5542826124700335
grain/article019.txt,27.21439346125634,7.559832184121325,-9.279283323707897,-2.6149559722793443,5.111534280083269
grain/article020.txt,2.04464625807775,0.1334343754632286,-0.582062796215137,0.894122658957592,0.6154029873300076
grain/article415.txt,0.0,-0.0,-0.0,-0.0,0.0
grain/article211.txt,11.392872521627455,-3.4997617380279618,-3.7010640287727394,1.6057067295944298,4.227469809094969
grain/article106.txt,5.508047012447897,-0.12250548890164889,0.3746665305493269,1.021406745140246,2.1449594469815434
grain/article283.txt,3.8364015836061376,1.2314401412301283,-2.6513377767386745,-0.8841436011665803,0.1811409002675957
grain/article316.txt,31.680201134077787,-5.384114475415024,2.906887692601152,-4.353741157856416,-1.2078444449468875
grain/article506.txt,27.87097441645917,-5.540171467091621,-5.384250506276286,-4.651739745708238,-6.730322422217421
grain/article488.txt,9.582293262224223,2.0071687582939886,4.06586202024376,4.716221574034373,8.973701011257079
grain/article481.txt,25.980831668909882,-0.8558166074137736,-2.737013489927187,1.0457435974914273,1.5493196656379635
grain/article531.txt,13.300761586553824,5.2486532769627505,1.7237378464621191,-2.491461826271503,-0.533933084578512
grain/article341.txt,9.57440227883464,2.708858195524284,-3.388699798674508,1.5638496393834391,-1.9246177251112155
grain/article177.txt,3.3261480497655413,-0.9426624619477193,-0.7666887334626217,0.10481563241324494,-0.33667248324692184
grain/article566.txt,1.891095914131607,-0.3346811042631919,-0.1350015650833961,0.9503308728097816,1.290446093296127
grain/article568.txt,29.513376068687055,-6.94966280458147,0.20003606713924077,-6.508625496608499,1.9427310782330087
grain/article385.txt,7.191644949479131,-0.5656440535609316,-0.8873703388511373,-0.9496980887426071,-0.1455965036121123
grain/article375.txt,4.511917713516334,3.205110844285306,-2.0306783849020817,-2.319460521357719,3.098426604049234
grain/article296.txt,12.823622828617886,2.9309657398299382,-0.0069140189785488115,-1.8404519478647539,5.652462164334628
grain/article571.txt,54.35582911730934,-4.635798773113944,9.436504649458696,-8.35363177040159,2.2369514140093503
grain/article494.txt,27.36525442151933,-4.063985949234471,3.2070262325724683,-2.8979067282209994,2.4437229095686352
crude/article176.txt,5.034858056917463,0.01714003015154437,-0.2575554179804355,1.4784645258050018,2.1032801558299536
crude/article286.txt,20.27058903960854,-2.747336713620782,-0.7807148106310333,1.3612192589250878,4.5791116224102435
crude/article546.txt,26.401159285134273,4.662289513831104,0.6003117862972627,-3.2682571110154433,0.27341765565073817
crude/article342.txt,0.9971331245901767,0.7192896760755734,1.7914654018096035,0.9313651207560185,-0.5663887041933526
crude/article294.txt,7.488078879409011,4.359559398962066,-0.38181692228813285,5.865335319234626,5.636246086974727
crude/article040.txt,43.38184399445185,-9.84701876067054,-0.47464261915670536,-2.0942352184837474,-2.5303217065082366
crude/article061.txt,18.996471407034495,-3.8763838625415197,-5.199791417057927,-0.04480352252698689,3.20367759463587
crude/article285.txt,0.7643181683113598,0.4937584621121832,1.6691921948057629,-0.41506530538407405,-0.10423895857465586
crude/article171.txt,4.771312342548993,0.4250844274966161,2.2024751695326947,2.7218385564908356,0.7929041340823494
crude/article442.txt,30.98518295479312,-3.416682943708415,1.5851529133204147,-1.5073344381261709,-2.9129654838077066
crude/article384.txt,29.778511231392038,-4.393080251441369,1.2663337346878072,-2.2759432024227078,-2.729147290397446
crude/article050.txt,12.318193804605128,3.0820253948172307,0.8056955257013422,4.459750158543709,-0.8853904020245214
crude/article534.txt,24.19370161648657,9.220224354185481,2.6572231921522147,7.289251993422173,1.348070145891061
crude/article166.txt,6.382760524025427,-0.9639496647524033,-1.7308747657669044,0.11755999535488873,-2.3685732999082747
crude/article461.txt,39.16659437668628,7.600965964689069,-5.006316038474199,1.0014712688610847,-6.680867302360564
crude/article402.txt,7.572676156908159,1.0342805572515783,-1.722251720682314,2.707163599065829,2.707739024234463
crude/article356.txt,12.508168711119694,1.424216963736273,0.2609343753211604,7.19546104894056,0.8788104170326735
crude/article179.txt,0.23281495627881696,0.22553121396339032,0.1222732070038402,1.3464304261400923,-0.46214974561869665
crude/article359.txt,11.666810367751886,-2.9798862439213076,-0.7814701154209731,-0.1120344208014682,-2.5934523397888403
crude/article427.txt,16.119918162731654,3.7132682995904998,4.732819651344545,1.1330360220030815,3.217264390430672
crude/article241.txt,5.738831503491668,-1.170841978435064,0.21538282127779287,-0.020932021475427085,-1.2623740736288915
crude/article368.txt,13.323340997408513,8.714393201149626,-4.411464861911959,-4.050595780077327,-0.9870699643653924
crude/article011.txt,25.22424674054501,-0.8552280728965242,2.609499460172391,10.35482253448336,1.425107021928938
crude/article325.txt,22.254792950994194,-0.6060461221231421,-0.763702127213646,3.6071423590361107,0.19441625618507313
crude/article556.txt,25.42438326627517,-4.548832087163892,-4.73680560958107,0.16019785549613008,-1.3237964292709636
crude/article312.txt,7.9113968606481455,0.023567259471962674,1.607509623844622,-0.7125706154132597,-2.577051217057586
crude/article498.txt,9.98195548008288,-1.2741153453930416,3.107183594973049,2.78434766248761,-1.75195459522001
crude/article078.txt,0.9971331245901767,0.7192896760755734,1.7914654018096035,0.9313651207560185,-0.5663887041933526
crude/article270.txt,0.0,-0.0,-0.0,-0.0,0.0
crude/article250.txt,46.74065836218319,-3.8218101159924855,-3.354685734428043,13.98339080508725,1.5149651965394029
crude/article170.txt,8.733705025032773,-1.2701138814542006,-2.466018493597546,0.21189934349801587,-3.3277246020595914
crude/article130.txt,4.835978276850394,-0.08117654770391432,-0.01969667094892959,2.0064568895813455,-0.26096436289015673
crude/article181.txt,2.140007081691877,0.653761373189887,-0.9165588248480144,1.8345803663656988,-0.9903035016419739
crude/article051.txt,12.27672404872838,0.6071595024250631,-0.8977525397241308,3.9645130837999014,-2.1821580790571153
crude/article492.txt,28.287532986163093,6.000074274666016,-3.235911986836409,-5.48301872522414,1.4970163747039091
crude/article278.txt,6.850666469720621,0.16772376553771506,0.707840663632823,2.641140289860433,-1.0207232782603313
crude/article378.txt,39.80411690912006,8.308606659656546,6.596330678646578,5.517065868886218,-1.419275985549564
crude/article290.txt,12.698834100137667,2.555715125867255,-1.2815437596832744,1.1652174444372476,-3.6112437549131866
crude/article453.txt,22.18284213494691,-1.436176517292958,3.243878889406748,6.370958586000405,-3.654256016278592
crude/article337.txt,4.160993789164066,-0.5317582920680011,1.1998995705379492,1.7013686242175687,-0.5822425899999487
crude/article445.txt,17.215261889523465,-1.794297351339327,-0.41205022817531994,-0.8707381888236299,-2.43475366805062
crude/article533.txt,31.28652718177337,-4.991978762867811,4.98710026090262,-3.1553108108702594,-1.5158655121173796
crude/article252.txt,12.568123524627296,-0.5574394182572873,-2.5490293018062378,2.5484111876271593,0.6572188447506591
crude/article134.txt,7.520431309942956,-1.0120990771973102,1.5810885072127538,3.360935073756015,0.4428445606127104
crude/article472.txt,29.675994291919558,-2.202464253089875,3.739384844184156,1.5434670725478536,-4.790142444484851
crude/article120.txt,8.882620066883915,-1.3051031400750475,-0.3647206680700533,4.4999946288840516,1.4860938993781
crude/article557.txt,25.801010971461004,-1.7415611158337057,-5.795255473194113,2.841984184298907,-1.9940662312213078
crude/article261.txt,5.930742257714665,-0.12903541158160747,-0.006489747257440223,1.3391922465535098,-0.9573114023428191
crude/article004.txt,25.02777811940335,8.091592689259107,-6.956594562298119,7.155750563177971,3.4752531253075585
crude/article328.txt,6.9486708574515745,0.8725295529817004,-2.202639717552165,0.9622706913754357,-1.4324866239114395
crude/article217.txt,27.872268551312967,4.237405914182998,0.2938888835992874,1.7688523714470104,-6.760435771760577
crude/article233.txt,6.522714030700696,3.618607501461407,1.4398420131527385,3.834461956731103,4.9875951635775655
crude/article547.txt,9.255851102629368,0.23571822246632587,1.509024586487601,0.2558536499414221,0.28694684118619795
crude/article258.txt,7.560993938475539,3.6580904973082933,1.4359639807328686,0.5347139262519218,-0.6734839865469707
crude/article144.txt,16.19260631189954,-2.206764595177507,-0.7972975756155539,-0.19210332591485418,-2.204240178574507
crude/article315.txt,3.3982192817940016,0.013842422233918824,2.344132478146379,0.33812756753679457,-0.4984236742973072
crude/article389.txt,4.553828500497884,-1.081187598356947,0.9545833458781088,-0.12638205583800793,-0.6439762599110816
crude/article419.txt,35.809068120641726,-3.1900282072074013,-7.078380934599395,1.5578648092170948,-2.6418859162857644
crude/article056.txt,19.43953770956624,-1.4035204369779395,-4.043823659761519,2.1970290866418996,2.311417259439901
crude/article257.txt,0.2022094713081225,1.3607547925058336,-0.46362765110456705,-0.7344640587292913,0.5579829640472186
crude/article393.txt,4.974623424859107,-1.009680219799995,0.11029519767030574,1.9462213044010959,-0.17726774924327385
crude/article398.txt,10.46421752938955,1.1797396705233043,2.361834230741573,1.819801508158555,-1.5726686448532288
crude/article077.txt,0.9971331245901767,0.7192896760755734,1.7914654018096035,0.9313651207560185,-0.5663887041933526
crude/article394.txt,3.924213948284546,-1.483287409099843,0.12482859141708144,-0.16479454473215677,-0.7306412655256692
crude/article483.txt,6.618914380041477,5.2790900245502606,-1.767371810519935,0.9754027471223724,1.3277482219227101
crude/article029.txt,6.435877139105998,2.296409278787906,8.004974926007186,0.6541587820862095,0.9662516533793737
crude/article200.txt,59.06857251462444,-9.090983572020482,-13.23122136206169,-1.431445733507099,-1.1646125697924585
crude/article293.txt,0.0,-0.0,-0.0,-0.0,0.0
crude/article231.txt,20.296135243378327,6.342662024105345,0.9617196753448122,-1.4145710830666813,1.7431577623350192
crude/article082.txt,0.0,-0.0,-0.0,-0.0,0.0
crude/article049.txt,12.037998667509111,2.617787945568221,1.1990768060793553,4.371990654830214,-0.4449485451133715
crude/article093.txt,4.35206783472412,-0.7826073954868785,1.017419614176819,1.165727739693885,0.6392146589857399
crude/article536.txt,33.723302976952,-4.10501586268938,-3.715325617703803,-2.2315167837995946,-4.500656397705081
crude/article381.txt,7.738489343276825,0.8448792071100427,2.360066111503514,2.900788610391756,2.7522509650418394
crude/article180.txt,16.42993209309121,-0.8377311560004572,-1.6608561445329357,2.1842272438187527,-2.925254256907087
crude/article456.txt,24.27147023178525,-3.221615940750431,1.9494725400851953,5.406788943916294,-1.8199167540227672
crude/article031.txt,18.968511193030032,1.3645453035661597,3.194795836828251,5.035828685730397,1.6412326220265026
crude/article140.txt,0.7643181683113598,0.4937584621121832,1.6691921948057629,-0.41506530538407405,-0.10423895857465586
crude/article576.txt,9.454814891883204,-1.181241409896531,-1.5733456650385813,4.068359014456075,-0.1595896506950197
crude/article392.txt,11.56887617245886,-1.046901183274232,-2.380327564617726,1.335036721409578,0.07955598899413206
crude/article522.txt,16.417378757695793,-4.203422065777314,-3.8932390177599414,3.6206805333805234,2.063717028935098
crude/article486.txt,25.873287657180388,-2.6558245876343998,0.09036604694331424,-1.5357266722472211,-3.7779056867377507
crude/article421.txt,26.73666090123543,-0.5816487156484619,11.93255977505033,-3.7057576003107378,-0.3669834994051139
crude/article047.txt,6.741299250546908,-1.0819699710974557,0.5951699269748735,2.1131486542560847,0.12265386854564905
crude/article336.txt,16.87290175952376,0.30263651628781374,0.8273716237480424,2.0758107660573266,2.349456612806341
crude/article362.txt,42.866194579475085,-5.578620909779078,-7.868092370524856,0.8508110045414304,0.869801085875293
crude/article444.txt,11.361265539200229,-0.18421789380043999,-0.8556282210017658,0.7775399054291697,1.6484848722201293
crude/article309.txt,34.61740182097778,-1.1554671513722168,0.9676273781077388,0.47660651983950075,-4.49456975834428
crude/article559.txt,17.289191229702784,2.895697124247925,1.8985494498895308,3.913849366784963,-4.626694699060789
crude/article515.txt,7.2671265982636255,-0.6640994155634508,1.3106866162931539,2.503558050791895,-1.668102327992239
crude/article027.txt,25.03217082531401,-1.3388443251267244,2.1577228258903998,3.2830713638928355,-2.2293166536588087
crude/article168.txt,11.544989835328915,0.15889397750101694,-2.3366281975959624,3.5686909154966875,-3.460364334814592
crude/article509.txt,7.527261629608371,-0.8833687724400022,-0.5526739966836975,0.9060901450547063,-1.0776823988377517
crude/article447.txt,14.245585464649157,-0.48449790695018785,2.4561730216557547,-0.10830612385390817,-1.6495719079347975
crude/article561.txt,45.13507382276086,-3.3452691139342012,7.817759993709023,5.670676422826007,-1.0224510419217618
crude/article101.txt,58.30564368440267,3.1239464428191845,-2.1744482211809775,1.489630158017683,-11.74673219892367
crude/article115.txt,5.460459836875123,0.5309659341500765,3.135292643676856,-0.21304364353906563,-0.5602818192283593
crude/article420.txt,15.297366078564577,8.390288706194793,-4.586501052749325,-0.8940065626398581,0.508186867849875
crude/article139.txt,3.336088016508778,-0.878241624732817,-0.47412460228845504,0.9891986468131326,-0.47623920810002524
crude/article263.txt,19.690200727135558,5.816927427532392,8.958275268550818,2.345666462322019,-0.39038943035807594
crude/article137.txt,31.452708754321378,-2.271690177998099,2.500560410269313,0.8523242219617007,-3.997502705244556
crude/article158.txt,19.156918172740905,-3.9670700518131117,-3.012079773728297,1.8118356431214417,-2.898114241267108
crude/article021.txt,23.261821992465375,-0.4798537854535932,-0.42106228544349106,4.744914945740227,-0.7592368596225872
crude/article083.txt,5.525797679525319,-1.0700355368484762,0.8552130542364091,2.0629132801979533,-1.8848907891867266
crude/article167.txt,45.30487395327544,-3.6607361921636454,-2.0760916057883043,1.8858911995953724,0.6450246524750792
crude/article458.txt,23.179117116259295,-1.4377046116934298,2.599391457439981,6.139268645307448,-4.271839565603307
crude/article376.txt,6.141847478814344,-2.935193163130609,-0.8629736797235412,-1.1383831732621092,-0.9933145487790401
crude/article518.txt,57.51752129748772,-8.654251982714175,-2.930578275445502,7.526882856688407,1.7705192284982765
crude/article495.txt,24.688165238621025,1.0063571879826552,-5.053700106539942,3.7592713424888093,4.228403118436885
crude/article107.txt,35.70332063761657,5.5448520118664755,6.969005749188439,4.754742325924976,-4.785098445961847
crude/article072.txt,0.9971331245901767,0.7192896760755734,1.7914654018096035,0.9313651207560185,-0.5663887041933526
crude/article553.txt,18.08204536843632,-4.288838879082754,-0.6322807073809107,-0.05993659571165364,1.8301666699096797
crude/article225.txt,33.54723759097905,11.626191187812086,-2.6772587117766267,5.295486764444749,-1.1193810274685128
crude/article410.txt,25.595631727028703,-4.54367424226174,1.7002405768852438,-0.4713834731496074,2.134560159311137
crude/article276.txt,4.4204970233497685,-0.14249546999208887,-1.165510718240015,2.0252762826330972,-1.3695396012574528
crude/article289.txt,5.19919566885874,-1.2059179664312485,0.700335516144293,0.4190082238035693,0.8319323242834398
crude/article260.txt,19.156513514812758,-4.129997052267698,-3.2107183657811134,-1.2430125900308198,-0.6350967740372991
crude/article349.txt,6.185266701907152,0.1636146042750642,-1.5591497693107093,5.4051702774620285,1.547822392951271
crude/article514.txt,28.137136081858937,-5.540448737399783,-5.884015154511075,-1.690639192737561,-3.0329722574841242
crude/article094.txt,6.0812638013467275,0.7981814015052625,-0.09552948783247078,6.056338659909744,2.1384273487134107
crude/article017.txt,20.979961379544527,-1.4538675650799098,5.735216353443448,0.8730075557627771,0.15078009117848348
crude/article405.txt,10.698331313399223,0.15710587812746238,-0.5528999615611497,1.6534698530454193,-0.389866756923933
crude/article012.txt,12.317208808407083,-2.134279483692349,0.08075371887219011,-0.5861764573120406,-0.40412334740069156
crude/article358.txt,6.553957472869574,2.8926161491436075,3.6951579373163104,3.764481772039194,1.9383674017835708
crude/article240.txt,0.0,-0.0,-0.0,-0.0,0.0
crude/article570.txt,35.994279804338866,9.901830288047993,2.7414155245222034,-3.343513040501223,-2.4310460219006584
crude/article243.txt,7.64200595174384,-0.8830875412700103,-1.0437596503854751,3.4543472593421916,-1.4061963597945581
crude/article484.txt,5.280461485798171,1.3112550330931851,-0.1958691355193032,1.4438572816609052,0.5293310365232292
crude/article344.txt,6.878372513181466,-1.302563574157469,1.2657375393394654,1.1170250084360294,1.0917237368463484
crude/article091.txt,2.3725527042347485,-0.5676966607701422,-0.21817710775784904,1.0627029496334015,-0.4378820005883763
crude/article535.txt,3.9083591165589002,3.895960988865241,0.37179260524459845,1.4509891824577652,0.725133835814299
crude/article407.txt,0.9665276396194822,1.8545132546180165,1.205564543701196,-1.1495293641133648,0.4537440054725626
crude/article320.txt,7.177487907809969,1.1051324246712606,-1.488425276679358,3.317410616338915,-1.4613237093567044
crude/article199.txt,57.572797228919384,0.5941312726386573,3.2922908334424323,-2.3949327740345128,-7.681579843321013
crude/article268.txt,29.732080624686585,2.424242006288159,-2.4060942367188223,5.192287037406298,-4.370070341533301
crude/article306.txt,9.807008249269966,0.8124478422467617,0.3605063225589586,2.2814555879804543,-1.200366753014022
crude/article121.txt,10.327304160500427,-2.109758771852835,-0.7785334067243672,-1.2025194942332542,-4.083759380647487
crude/article408.txt,10.313859593336723,-1.6359276412435566,-2.886917738532232,1.4538149296648324,-1.853002362196564
crude/article353.txt,20.319648408372636,1.432490387750982,2.8477299131291103,0.8110826060979709,3.599649373673882
crude/article449.txt,15.419692969983597,2.5930277476979975,2.8301648717285444,7.099733153001278,-3.454220662132108
crude/article062.txt,21.053421183189553,-0.810824747605074,-3.596725634093886,4.058420881753612,-3.9816885105704416
crude/article511.txt,26.883727794232037,2.123732659304958,4.417324217269133,6.184902591281146,-4.529273616789122
crude/article044.txt,4.725310199919331,1.612487546865583,1.283995756739378,1.4970437785840705,-2.4320245922840016
crude/article439.txt,43.6464222020831,9.283075742031635,9.311985811115044,4.631820165037037,-2.376975244402404
crude/article424.txt,20.785009549215424,1.2455648318987838,-9.43854046284204,3.5330872534779436,-7.131461466276027
crude/article099.txt,0.23281495627881696,0.22553121396339032,0.1222732070038402,1.3464304261400923,-0.46214974561869665
crude/article464.txt,0.6066284139243676,4.082264377517501,-1.390882953313701,-2.2033921761878736,1.6739488921416559
crude/article382.txt,38.90014037448071,-4.340226473056341,4.143407849125443,2.0739924550438884,-4.110196537404765
crude/article470.txt,10.082151303934708,-2.542296838285227,-0.23869190361130221,0.8900262590592402,1.5176500540897604
crude/article438.txt,27.07686471959604,-2.0916151584822673,-1.7939914765316478,2.612006156468969,7.311022626538782
crude/article266.txt,8.825575845220882,-1.1857407406322045,0.5416290935704299,1.8837241119689936,-1.1898669743442747
crude/article502.txt,13.5601540920141,-4.274463962781468,-1.234362460047199,-0.7791070608564147,1.6704485104586073
crude/article111.txt,66.36663127574988,-17.40253582802339,-10.516038696440704,-11.064162546892186,5.200347438136295
crude/article228.txt,1.7614512929015371,1.2130481381877567,3.4606575966153654,0.5162998153719444,-0.6706276627680082
crude/article097.txt,30.2549945808937,5.179215741156714,-3.1291608766915457,-0.7621001458446541,-5.599307228315806
crude/article075.txt,0.9971331245901767,0.7192896760755734,1.7914654018096035,0.9313651207560185,-0.5663887041933526
crude/article437.txt,18.048826707427835,0.9956343356440254,8.685924274810091,2.8365949591989303,1.1617626152230993
crude/article172.txt,0.0,-0.0,-0.0,-0.0,0.0
crude/article069.txt,0.4656299125576339,0.45106242792678064,0.2445464140076804,2.6928608522801847,-0.9242994912373933
crude/article387.txt,15.205302807134988,-0.24680506368080382,-0.16332713203365498,4.072177528505219,1.7978948997862723
crude/article080.txt,3.826585280053485,-0.2938304060383565,-0.6533613406678427,2.496680318192734,-1.6305700339861797
crude/article414.txt,0.0,-0.0,-0.0,-0.0,0.0
crude/article497.txt,1.163324693783569,0.6753353825680567,1.869726608423402,1.011661829300177,-0.7566445110539143
crude/article308.txt,26.627328792477293,-0.9141796409509384,-0.07016836899660166,3.882582609785593,0.2510374340182295
crude/article352.txt,5.966237092897048,-0.22641351532762521,-0.9038678496826585,3.0542523086814537,0.14302566684796345
crude/article028.txt,23.585700583397717,-3.0652891076465476,4.153063051923065,-1.595230883284775,0.18542295090337965
crude/article430.txt,12.247814065386711,-0.5463045508964367,0.5833198799529766,0.3577743423403069,-1.5738073569697568
crude/article400.txt,5.183443052711221,-0.6790877876140514,1.7843381003391363,-0.08796956694385936,-0.5573112542964938
crude/article503.txt,43.588187823616074,8.06838643993584,2.6876990105020595,3.1534947787111856,1.2284620845839942
crude/article313.txt,23.63768564686434,19.60494540322382,-9.443591857667073,-3.3619630909767673,1.9090998084737647
crude/article380.txt,26.22621814305394,-1.2403951116542051,-3.7991711665941303,4.000410420667453,2.8551839028365174
crude/article034.txt,0.0,-0.0,-0.0,-0.0,0.0
crude/article291.txt,7.337619388417199,-1.7326603268476015,-0.003910253417869705,1.998675363024744,3.1231048433704887
crude/article471.txt,10.246806699076158,-0.8994792740429043,1.897530350720434,1.079555761142379,-2.570964984489193
crude/article482.txt,13.323340997408513,8.714393201149626,-4.411464861911959,-4.050595780077327,-0.9870699643653924
crude/article363.txt,24.72034027719291,0.2345531570492561,-4.601613032985535,-0.0321361060924933,3.8208964193006785
crude/article271.txt,11.752658199589359,11.783215704431575,-1.7100183871483994,-3.715405376762916,-0.24185773368624666
crude/article081.txt,4.125087030910343,-0.17100297490512412,0.02077016549014433,1.0133932154002845,-0.7341992952435347
crude/article154.txt,5.46868717650925,-1.6715916681953509,-0.149206825732482,0.9867000341785253,-0.2799458887735167
crude/article092.txt,0.23281495627881696,0.22553121396339032,0.1222732070038402,1.3464304261400923,-0.46214974561869665
crude/article275.txt,7.363226932629809,0.24796547247754677,-2.7889085158860905,2.6615329832952246,4.205113856473714
crude/article237.txt,0.23281495627881696,0.22553121396339032,0.1222732070038402,1.3464304261400923,-0.46214974561869665
crude/article404.txt,10.698331313399223,0.15710587812746238,-0.5528999615611497,1.6534698530454193,-0.389866756923933
crude/article292.txt,28.473613107512623,11.488104400972945,-7.9549039031861,-2.7791010762826724,1.526496083475899
crude/article256.txt,55.06297712773477,12.191751768982257,-13.621320937068708,0.27209071603940604,-10.0240822356472
crude/article102.txt,19.42194899331693,-2.144628745412972,-4.205690643210021,2.3280175225625563,-1.7722130129992781
crude/article162.txt,31.19292432162077,-4.400606948236359,-1.7971673337037866,-0.32666739697831915,-1.1466388250003277
crude/article188.txt,20.155696290761018,-0.3019706827753809,2.5476388029915387,1.3458141774139212,0.1088494853716524
crude/article304.txt,39.1319470730683,-1.8629767668017951,-0.5578630013706576,-2.5646574154027517,-1.3116834932092363
crude/article386.txt,18.466122767179648,1.1360176972877347,4.109851860680343,1.831368178531976,-1.9275092992343068
crude/article202.txt,14.916912036314985,-2.841814600371453,-0.9917750717904009,0.7507272398372249,-0.16738831920936034
crude/article073.txt,1.8848846195288163,0.07726709366020834,0.2748601480322468,3.2998206092294993,-0.8581481624498037
crude/article450.txt,26.552672651561902,1.5232290834233004,-6.789064752360571,7.782022001954117,0.24386789301458175
crude/article543.txt,60.90211259240813,10.97175441091947,1.0355907865795368,-1.841726944032589,-0.6847415254569625
crude/article201.txt,17.93645659757739,1.3633320262373236,-0.7589375083544446,2.69748631183967,-0.9159812688827299
crude/article187.txt,17.000629704128272,1.4636833138551095,2.1772169081709554,1.1008933810432904,0.15058398466622686
crude/article057.txt,2.7323780860940983,1.3438414128593106,0.12266277318477219,1.6970898510218193,-0.2020319921167373
crude/article524.txt,24.76959991468686,-2.8131216454752024,-3.8830437349126656,5.371060404779859,-2.735282293273933
crude/article512.txt,26.539472490727228,-1.7099838526126632,0.7119135237453155,6.065208146426547,3.212415188546348
crude/article138.txt,14.654000019206704,-2.9971739794255297,-2.8670581527920693,-0.27706364679675966,0.0791388405966329
crude/article161.txt,42.96369478256435,-5.740344814199724,-3.6565419214255797,-4.418636725953188,-13.285213713606748
crude/article302.txt,6.171242975279163,4.8432554392257545,0.13756927269163213,-0.8478541494866325,2.509870663514452
crude/article428.txt,17.014926728008888,1.7998646117065513,0.31449356829072084,-0.601825030255853,-1.4449125856653766
crude/article220.txt,3.331871324637267,-1.0047060248631647,0.3960475695491444,-0.06420261900912584,-0.6878075228362283
crude/article218.txt,26.51651068681726,1.2107827394002046,1.844862552129396,1.7081636993188707,6.96633753525236
crude/article517.txt,12.944004054370588,0.03595328152407203,-4.1770685117775415,3.6571790128440314,-3.7448219037658887
crude/article036.txt,9.52523163389274,0.4855925105348538,1.139676042247027,1.6458778736364421,4.0558912581594555
crude/article390.txt,0.7643181683113598,0.4937584621121832,1.6691921948057629,-0.41506530538407405,-0.10423895857465586
crude/article539.txt,15.84232036403253,-2.7890956319065685,0.07368687836194487,-0.7466125203354588,-2.254824747625457
crude/article013.txt,18.607821916400653,4.037888542007756,-1.316922019132173,2.377339077149692,-4.962079155461948
crude/article357.txt,25.392288346433187,4.57573453637854,7.841835804595402,4.793781256479054,0.033930465663562365
crude/article129.txt,28.402503772687936,-7.174458668269387,-0.34895558550267874,-4.4419938812551205,-7.383802676013063
crude/article401.txt,0.9971331245901767,0.7192896760755734,1.7914654018096035,0.9313651207560185,-0.5663887041933526
crude/article156.txt,0.9971331245901767,0.7192896760755734,1.7914654018096035,0.9313651207560185,-0.5663887041933526
crude/article366.txt,12.4169459396341,7.895652968185468,-0.9951572722864167,-2.3532696060092153,-0.7061431864093318
crude/article454.txt,21.086519970487014,1.8047994472446554,3.229727143326427,3.722886841469723,-0.8352125466133139
crude/article068.txt,0.23281495627881696,0.22553121396339032,0.1222732070038402,1.3464304261400923,-0.46214974561869665
crude/article333.txt,0.8781821246396736,0.10080084588908929,-0.1319746227299755,1.8918207057816703,1.0137588385758245
crude/article006.txt,9.479524201986536,0.9298986025599036,2.362340091267878,0.6414370448363086,0.20117955799085527
crude/article251.txt,5.280370598507655,3.472789703971049,-1.8014166388957757,-0.40426084167323567,0.9752831206916381
crude/article173.txt,3.665379620977573,1.2663376007538971,3.4887452975044138,2.144397350997986,-0.7925834860409041
crude/article519.txt,7.913074740637062,2.691484589155781,-1.055806146002328,-1.508346765548159,1.6002530631823393
crude/article025.txt,20.26918203312359,4.934683787329479,3.317559677355323,5.217906211650412,-0.3364904734206267
crude/article196.txt,9.497965358773406,3.1157631316435594,-2.0214974023297474,1.5033762367547792,-3.374962429154224
crude/article365.txt,0.404418942616245,2.7215095850116673,-0.9272553022091341,-1.4689281174585826,1.1159659280944372
crude/article118.txt,23.78104037667557,-3.560781019338035,0.30477932380234,1.968559835029189,0.04044881424886242
crude/article572.txt,11.63710828996156,-2.9749755770674664,0.8153739723342301,-1.5023769126667827,0.9169422532107615
crude/article569.txt,29.81840570283914,13.991749943246504,-4.582993126369153,7.363182465106354,-5.741332282920546
crude/article487.txt,10.342291947024043,-0.2687986922531435,-2.6068900378590163,3.9453353726543092,-0.1672609637637642
crude/article364.txt,1.5286363366227196,0.9875169242243664,3.3383843896115257,-0.8301306107681481,-0.20847791714931171
crude/article527.txt,17.092051738469387,-2.022927656101268,-3.950228239838131,3.3812308781769085,-1.388754721220446
crude/article133.txt,4.727167956801449,-1.1649007994867997,0.1151365406121596,1.7002761628149101,-0.3160522341451898
crude/article157.txt,8.887051312406534,-1.8867115843031892,-1.1948683252357382,1.5489240953591648,1.075184388368117
crude/article343.txt,11.579452100158115,1.6779520888980546,4.459040989058946,4.434463721585564,-4.611355954028966
crude/article095.txt,7.100688176280914,0.1349385942093877,-2.568913269104043,2.5584170317902313,-1.573365786095365
crude/article186.txt,5.254716811822928,1.7164407160421458,0.39434455667358137,2.2197695654441945,-0.41820738586939693
crude/article041.txt,22.661479846859933,-2.116502151163058,3.1266512006247096,2.0549780026274402,-2.269337794152224
crude/article433.txt,0.48610454257856034,0.2177751530085704,0.22963310851129906,1.6343658612714707,0.007052752491241058
crude/article152.txt,13.11544987872429,-2.6077883268765456,-1.7535843666278492,1.1481944664688704,0.32958978351497076
crude/article122.txt,10.498627023068543,1.4586737631592743,-4.057354272614011,2.841161324860248,1.0745543450043176
crude/article246.txt,12.769918018893305,0.5698375429030919,-0.6604102765692382,0.9384383266492489,1.0066174561958172
crude/article117.txt,16.771295495087735,2.0065422738516783,3.6830455680593146,-0.4007331200424432,0.4648348732651525
crude/article468.txt,8.900830572495082,2.0266341441321614,3.639660821386819,4.30427970354365,0.8750134942647207
crude/article165.txt,4.333771696765507,-0.7615004398744709,0.23911877733400402,2.292420747042154,0.5990437503656355
crude/article338.txt,5.312470403508367,2.071357491703196,2.055602131129918,1.2363020402506368,-2.2894117295329757
crude/article007.txt,0.2022094713081225,1.3607547925058336,-0.46362765110456705,-0.7344640587292913,0.5579829640472186
crude/article163.txt,11.727211031990946,-1.537998931044867,-0.2773460369785933,1.1135785819702924,0.25454562855648377
crude/article055.txt,32.36101765191912,-3.5883878940128837,5.074199673839076,1.2913823944269014,-2.395680668007148
crude/article210.txt,11.009701054215377,-0.6186647668579093,-3.8593161429295337,0.6308260765584186,-2.228768609651305
crude/article361.txt,5.089087589491604,2.183560234526297,1.2046020156496824,2.080319289912779,-0.6249323189425449
crude/article510.txt,31.202783320730738,0.643415276640626,-8.06081146859357,9.188517839772288,-0.10522536743946335
crude/article477.txt,11.321290489349522,-0.37010252317473724,3.46562891537094,1.9645871355971476,-1.2335852438398043
crude/article322.txt,11.232126808797162,-1.8043256378852544,1.3508948329365689,1.9044656083009794,1.0165670929335564
crude/article500.txt,5.466828104233846,-0.24022010054020085,-0.6578763476891237,0.770124597250265,0.9393758427140845
crude/article151.txt,18.384937899481766,-1.2571136817527433,4.843119730616477,-1.6284947463497228,-0.7983892061005151
crude/article141.txt,7.227590298022338,-0.9443262150367153,1.5753173101262676,2.1228754606557447,0.05339641495698289
crude/article413.txt,4.105472214976901,0.13653003320012994,-0.9951561658721018,2.9896856514859946,1.1474318667317693
crude/article014.txt,6.951982922720366,0.6321040645257633,-2.4639739343221883,3.057327300213975,-0.9513882309686033
crude/article310.txt,13.263902256886213,-0.8868669093329394,0.9406078729881127,1.2067308635223652,0.04845628432757148
crude/article350.txt,15.000740159891565,-0.9845048769295135,1.43220775396503,3.352817873647256,0.34497445913628433
crude/article059.txt,8.800220275752954,-1.284887649886598,0.26283294695405723,1.074131251940469,2.8062486018386954
crude/article124.txt,25.072867115821776,-3.2104560619243956,-1.7663355854215468,0.3600692364123781,-1.4445642789546667
crude/article193.txt,26.035373054343072,-1.351803764385072,1.8924284639485287,6.498779445114409,4.414851390627376
crude/article015.txt,0.0,-0.0,-0.0,-0.0,0.0
crude/article190.txt,34.39708905099171,-4.480045358755682,1.5532252411464356,7.247058809779799,3.631544672209991
crude/article284.txt,13.323340997408513,8.714393201149626,-4.411464861911959,-4.050595780077327,-0.9870699643653924
crude/article224.txt,18.1686867005513,6.118064168879776,-0.9649261924242594,2.8574007808752095,0.47208050225244297
crude/article043.txt,9.46990467464234,-2.182751781351972,-0.5867823880415185,1.5885467060970184,-0.3629979968652421
crude/article039.txt,0.0,-0.0,-0.0,-0.0,0.0
crude/article042.txt,12.584644543296386,-2.630959519985317,0.30787111615518037,0.9317912488978668,1.0064207666146479
crude/article164.txt,0.0,-0.0,-0.0,-0.0,0.0
crude/article232.txt,6.372662747576518,-0.6422777675618219,0.1749654039012205,1.0708817332409788,-0.9641407532781011
crude/article426.txt,22.994945401492473,0.5380637149129597,0.448775450778879,0.3778607996463067,1.7131484926414633
crude/article058.txt,0.6066284139243676,4.082264377517501,-1.390882953313701,-2.2033921761878736,1.6739488921416559
crude/article105.txt,10.511323902572068,-1.1279306019783393,-0.09505287246428168,2.523054723049137,-1.2002778050502318
crude/article573.txt,11.63710828996156,-2.9749755770674664,0.8153739723342301,-1.5023769126667827,0.9169422532107615
crude/article411.txt,10.313859593336723,-1.6359276412435566,-2.886917738532232,1.4538149296648324,-1.853002362196564
crude/article136.txt,20.1751693728392,-0.17200572207948425,-4.63109471471478,1.9908676285524722,0.439284459672189
crude/article422.txt,18.07406006403704,-0.1282122130642443,4.69700577179236,0.6743380032472414,1.2629813577014364
crude/article457.txt,5.979514730926295,0.2222792001314,-1.991561636678218,2.184754332820028,0.28483098023051123
crude/article467.txt,13.972362981438055,-3.831574994845217,-2.852952353686137,-0.8597634735373327,-0.9631306219739422
crude/article311.txt,5.61663268153108,1.4320364052910448,-0.31503595277349594,4.599228560088573,1.6759381623941398
crude/article429.txt,13.610962779788979,-2.075232507894865,-1.4680779076489248,1.0469516042297646,-0.88626105139545
crude/article184.txt,7.423992503186293,-0.9079766046776377,0.06751204760902765,3.303818824042292,-2.4947228129618506
crude/article513.txt,19.296303887039933,-0.9298830265006407,1.0019656717698562,3.870591283358062,-3.5127234930310225
crude/article489.txt,17.09130632722387,-1.5678898486339703,1.3252711300579658,1.3176087391052984,-3.498709841832968
crude/article030.txt,26.496606445142397,-0.8560424807976312,3.673734392449134,1.708708454496903,3.090080741640867
crude/article238.txt,0.49491093611531656,0.3104411593736076,-0.009682685883708216,0.4918902831723704,0.2775689698038317
crude/article191.txt,61.80293458176158,-2.7909287733090204,-1.2207974189071416,12.813686275592591,1.6728950747747346
crude/article542.txt,34.804718195158024,-3.7360058810676806,-5.243255615813605,0.41876810192933545,-0.267175061432074
crude/article206.txt,9.056555019881475,-1.4749702670184999,-1.9468005217679687,1.0007799543637272,-1.8722655412451692
crude/article205.txt,16.303744940706164,0.07024715745970489,4.404952527046105,-1.0644248152263478,-2.6558927706010924
crude/article146.txt,11.954037651020423,0.42955180519479724,-3.6177112021779156,3.755382001179545,-2.878633175436673
crude/article112.txt,31.748501029118344,4.91100996599978,2.3022568668956036,-2.6021735844202594,5.388695894427367
crude/article493.txt,15.628372247881915,6.241621348741315,-3.2385364919254602,2.27179763693453,-4.878850598541517
crude/article369.txt,40.1161829328876,6.917684507465387,-4.055846083873202,0.9932528743625837,7.579308092886782
crude/article159.txt,13.980826131109612,1.4822275069709288,-2.9038025829244574,3.3149629079493814,-1.630933174860611
crude/article303.txt,28.833870547042178,3.507465846620897,2.979277794512641,6.445471104663403,5.712633324852159
crude/article530.txt,24.27545082437659,12.216661814938869,1.4266588348935683,2.3978274019674504,-0.4316242123449806
crude/article479.txt,13.673124141107218,0.3719305024624204,2.575651585728397,0.16004413166989384,3.440144182874138
crude/article466.txt,9.639445792059066,1.2534595467093748,1.4627323791241085,2.827449875135847,-1.3908917431440753
crude/article399.txt,0.7643181683113598,0.4937584621121832,1.6691921948057629,-0.41506530538407405,-0.10423895857465586
crude/article540.txt,18.245718791368365,-2.271014755393726,3.0209774735098307,5.8193554555287905,-1.0805465517406645
crude/article119.txt,9.442371238865146,0.33729352786649824,2.3556931688117206,0.6380297605932912,-0.5014391904409986
crude/article052.txt,15.830189890999309,-1.651432350013347,0.03393405555915289,5.255111772048848,-2.9944103572731655
crude/article227.txt,14.127781534133296,0.24802204780482442,-1.4220163463047508,3.3548454991397927,-1.9223528624074542
crude/article295.txt,4.422892788301468,-0.046413887206582696,0.02821745331712142,2.9158211352793377,-1.062855355531204
crude/article334.txt,0.44988527645506776,0.09972627033772612,0.17405998410585957,0.6384737662243903,-0.22590947690878363
crude/article575.txt,7.825144558484549,5.4739515741612585,-0.5741881195495578,2.132141563134122,-0.47627766156540546
crude/article529.txt,27.997132835749376,1.30815732779863,7.209890545459243,4.642698498048053,2.2368167675965656
crude/article046.txt,16.702054790239163,-1.2019533837622434,2.534918728867519,1.117297766053563,1.6335572035752837
crude/article037.txt,8.314890423135195,1.1115172239836566,0.4097752927603458,0.09130479426428252,-1.050816759968334
crude/article474.txt,64.40436287260343,0.013845980762894823,-2.293166929950165,4.715495856522712,3.4102996855316903
crude/article574.txt,9.55951351522819,-0.992948340008159,2.1412794481390236,1.5285521920734537,-0.851547445649613
crude/article520.txt,20.567198701202983,-3.859686635091716,3.158370205368666,-3.038741301358994,-4.37312600720318
crude/article528.txt,9.624729604211096,0.4073855141368299,-0.8958855256000589,0.8108717780497059,0.3437261925715855
crude/article064.txt,7.221249505452216,0.45132170602781824,1.625813831076995,2.07767602064749,0.1047873633409371
crude/article135.txt,14.943799143527986,-4.525625102213575,-1.8872248466699075,-2.129909870593328,-3.522544407552577
crude/article198.txt,26.428389952426418,1.2643490570736642,-1.2966382310934939,2.484244555560579,1.0810283870821222
crude/article346.txt,11.604984455028458,2.303229927942202,0.30985217393568487,5.697911684019496,-0.8816228222853605
crude/article367.txt,3.743415695804555,0.05683468271470915,2.125137228284687,0.5375309658315729,0.49126984115626116
crude/article490.txt,19.593033103935174,-2.1843287300000305,2.994460049937246,0.2648832712275586,-1.465723067179014
crude/article269.txt,0.404418942616245,2.7215095850116673,-0.9272553022091341,-1.4689281174585826,1.1159659280944372
crude/article305.txt,38.07966340786169,9.48945644039449,8.621642676960658,1.7115462651734523,-1.9280069684424967
crude/article018.txt,5.443861676834199,0.5203751550880884,-2.2615921650928232,1.0465434914428968,0.3040803274743995
crude/article475.txt,56.40349689966819,-2.560584153351789,-5.184187179794346,7.582239915265128,-0.13987355399515372
crude/article209.txt,21.890149281820477,-1.0154495844478124,-1.1640605184987443,0.7892553599837767,-4.407194651460878
crude/article326.txt,6.469354878787784,-1.3064836969099292,-1.2025641045899322,0.6281259035937011,-2.058913016475627
crude/article086.txt,2.695236288415177,-0.6300618448072925,-0.3453010226247571,1.3353980894541908,0.30007229150888415
crude/article383.txt,15.458645315779245,0.3953761819548881,-0.9477293153413846,4.634886767091086,0.36138399481486033
crude/article321.txt,36.5041257314124,-5.243608720625064,-4.573433205304328,2.387485172909468,-5.797663022938559
crude/article104.txt,28.11048793266697,-6.391707927124169,-1.8615825305250304,-4.793470008397997,-3.9694594661612177
crude/article448.txt,5.5288997712708765,-1.0449148660803989,-0.501772047141889,0.4057957745681916,-1.6706399166349932
crude/article319.txt,53.95469322041318,0.6303406546571481,-2.257039330514658,8.529991273154332,-2.0475613206328003
crude/article555.txt,22.433614318617174,-3.7893934437929437,-5.975928759012041,2.700005006347289,5.593785943563638
crude/article242.txt,12.169762626356562,1.3498323659308167,-3.9821598283330406,0.904795614998779,-3.113855193546672
crude/article465.txt,11.853762935243424,12.463593100684488,-1.941832212700683,-4.082637406127561,0.03713374833736238
crude/article244.txt,16.824416557377937,-0.5109367711435472,-2.612436294959554,-0.14187215274403842,1.3161194694015947
crude/article335.txt,2.809065344423257,1.9316516287985726,-1.0623209132294904,1.981767550870495,2.2063007579685237
crude/article026.txt,7.318660136856906,-0.3234212022382251,-1.336700714518465,1.0407195925328039,-1.0331500665382485
crude/article235.txt,0.404418942616245,2.7215095850116673,-0.9272553022091341,-1.4689281174585826,1.1159659280944372
crude/article440.txt,13.217566519753033,-1.6718321482825347,-1.34409567092708,1.639096188457008,0.02883493311537601
crude/article485.txt,61.97798420282097,-7.62373509666257,1.0971720628604653,-0.3250998650516499,0.5917562230272174
crude/article149.txt,10.266451188086666,-0.1273646310790053,0.9827375950091697,-0.0017085706132262696,-1.0097570391223092
crude/article175.txt,0.6827002327338848,0.32525748430111634,0.2963331911096999,1.9849041923644828,-0.6880592225274801
crude/article274.txt,44.37787603755439,11.711308814002138,2.339259681693726,16.58660004060925,0.4890201159599154
crude/article462.txt,7.546838200679101,0.8145116522099456,-0.8980214095014892,2.7622463088680065,-0.16333895296385165
crude/article287.txt,16.622291165139846,-1.3580419208851033,2.338626296734206,1.0313814947032933,1.41596852515133
crude/article412.txt,8.971354504951565,0.19236185079251722,-0.9643280788394268,-1.4101658301454463,-0.050092981459592886
crude/article505.txt,9.441723940283289,0.32418697571460264,1.2137167109195262,-0.7911083075811067,-3.067697456210834
crude/article379.txt,31.294056141995615,1.669231566955339,1.4360474524903442,2.5971303923808144,-4.7872860211050305
crude/article100.txt,4.50515186423522,-1.3610467042326762,0.10674066879812445,1.0602043369987955,-0.24158868126186844
crude/article132.txt,14.905079247495442,-0.8676191820014382,-1.3492171971764344,1.1660572749656872,-1.8513752185870123
crude/article215.txt,7.901528340558827,3.6650822306066964,-1.131187683338268,-0.5175696913156502,-0.874063887695081
crude/article259.txt,11.40409799587764,10.947617728491844,-1.4733632186542618,-3.5941184889844546,-0.6596337006117736
crude/article192.txt,30.30687439605222,0.6740251619138888,-0.5866748819570629,3.6608807273073474,-5.711193362232622
crude/article441.txt,7.677968761019166,-0.14556461748539437,0.9609533782556329,2.9027756443862263,-1.1193567274476404
crude/article000.txt,18.264285790142676,0.001933579381622686,-2.3933091213803532,0.820367779731484,1.174953832243427
crude/article127.txt,18.633400856654028,-4.734780991704913,-5.189589247966682,2.106386911156231,0.6505887160633914
crude/article197.txt,34.46185358728615,2.4962301665308515,1.6164801546724787,8.86302443984554,1.3436437789201872
crude/article491.txt,0.9971331245901767,0.7192896760755734,1.7914654018096035,0.9313651207560185,-0.5663887041933526
crude/article272.txt,0.23281495627881696,0.22553121396339032,0.1222732070038402,1.3464304261400923,-0.46214974561869665
crude/article339.txt,5.97468309511059,-0.4366733133014361,1.9803947197188032,2.556751482453193,-0.7821476390076966
crude/article010.txt,5.0520982802747705,3.1772696248765047,3.4391939445334248,-0.009951554781910168,-2.451705726243393
crude/article443.txt,2.618356695264099,1.9245967294665072,1.7332270691987088,1.0640134269401025,-0.504532985948848
crude/article560.txt,7.279332281810063,4.238604752435195,1.5559045495049486,2.5822935883506024,-1.4261861553305553
crude/article504.txt,7.011280178057002,-1.7194988214746312,-0.7822017253394716,1.7521879459983163,2.9459138731737355
crude/article431.txt,25.357141273858076,5.406349741111237,-3.377373163397284,6.143835595945059,-1.4440847457665156
crude/article216.txt,7.901528340558827,3.6650822306066964,-1.131187683338268,-0.5175696913156502,-0.874063887695081
crude/article516.txt,34.78938581957465,-0.3408678122562272,0.155663327130962,-2.708194199225572,-7.121738099935828
crude/article425.txt,0.0,-0.0,-0.0,-0.0,0.0
crude/article473.txt,10.660977279857285,-2.31157880700642,-2.064357218606522,-0.9903067291815904,-1.8390048326677848
crude/article347.txt,21.977874027915213,0.14803525964126266,5.933031095724238,0.8220155571204496,-0.8215843142447629
crude/article435.txt,50.569413731099964,-5.179994483627726,1.0741073580706988,0.25586583166031557,1.202643809511372
crude/article455.txt,0.48610454257856034,0.2177751530085704,0.22963310851129906,1.6343658612714707,0.007052752491241058
crude/article281.txt,0.404418942616245,2.7215095850116673,-0.9272553022091341,-1.4689281174585826,1.1159659280944372
crude/article496.txt,19.25830595898347,-2.7487057276767284,3.876779703551258,-3.1035793723233014,-0.3791100110586973
crude/article446.txt,34.76174880521496,-6.576043777715095,-1.930289934898441,1.7347818044514387,-4.476048435837768
crude/article434.txt,43.6464222020831,9.283075742031635,9.311985811115044,4.631820165037037,-2.376975244402404
crude/article549.txt,25.201700894685494,3.7560763148573018,-3.5256179714174105,3.7666961390916915,2.182721311749185
crude/article273.txt,12.25485703167403,13.20787886353725,0.48832694672591087,-6.471915876576252,1.0571929991282702
crude/article203.txt,18.635433099028113,-1.9434563731281027,0.3434062061646905,-0.4979684076836607,0.09391819191383415
crude/article183.txt,0.7932052304708471,1.1540061124614116,-0.6644893537521831,1.5219494335670904,-1.3430334594409972
crude/article148.txt,14.967818868853566,4.460336843250402,1.2887926214858454,5.290186986476138,-2.4905377802203055
crude/article178.txt,19.636707345094894,-1.4464933861854723,3.8345473493357396,4.09104029775936,-1.9103818037498215
crude/article174.txt,19.372224738167017,-2.8330308687444057,-0.011703637723103495,-1.7556888007072318,-2.818289704910725
crude/article189.txt,9.05942713754737,6.912415706002476,3.1168598102721288,-0.9671882588190469,-2.085981137798172
crude/article222.txt,29.761015907128826,1.278127479208793,-0.8489669467902741,5.33808778666955,-4.02132475294419
crude/article185.txt,17.424672018991746,-2.9391203450620815,-0.8697267054868268,1.0570252135408107,-0.44637626244912737
crude/article219.txt,14.084488996007712,0.18813588581436416,0.7475998097708377,2.2761200098710863,1.0077805295706763
crude/article340.txt,25.214347686456357,0.7720941056890355,-2.406488277976941,-0.9206582808303583,-2.721142955569306
crude/article436.txt,23.77679679580414,6.083036840148144,-2.3029965720127685,5.220160077706464,5.375344030530779
crude/article348.txt,8.864929854934655,0.663707962989199,0.6501205398780135,3.3765796090788176,0.28349937783841533
crude/article089.txt,0.23281495627881696,0.22553121396339032,0.1222732070038402,1.3464304261400923,-0.46214974561869665
crude/article226.txt,24.868297320834966,6.357634408773518,0.8972272295113215,-1.8947691216106894,-3.638661043000363
crude/article469.txt,18.254929528440393,1.7675296666364495,6.807975381479411,2.1117050896384115,-2.3901298974084755
crude/article452.txt,7.36551581226165,3.7695336424089683,0.8702073111693304,0.08501607833096765,1.0105988099667664
crude/article109.txt,7.669274038822183,2.628991581309692,4.757996763861209,2.7448319663155982,-1.663588942652822
crude/article113.txt,11.007528665488081,3.8169960888441414,0.4094979028031558,-1.8781548774947396,0.8135671074963486
crude/article066.txt,40.78076792047715,3.1666988353125616,4.468197807419838,1.6066185597649147,2.306628675442848
crude/article255.txt,57.0682874673272,25.02280922101591,-16.678069374665395,-4.5833905276154265,-6.326353305916189
crude/article307.txt,8.896680450222236,4.455769708872854,2.2914937953244503,2.3067144519086327,-1.2712584479858284
crude/article544.txt,6.1357594304718885,1.2553074674184082,0.7014724442846864,4.342300972785393,0.4247133927772071
crude/article085.txt,3.7816426637125984,-1.7705546774393264,-0.8760220241596072,0.27528489350859014,0.1545604092892001
crude/article548.txt,10.194278520362262,0.31531388488404055,0.18782502209899496,0.20073253862784268,-0.2910532643044118
crude/article212.txt,31.768883274113605,-6.974061917427924,-2.7929209309897027,-0.04427433264625548,-2.4648177511156795
crude/article406.txt,17.997763763116176,0.10796637757724724,5.190394286840857,3.6752053286594006,3.480081851349366
crude/article254.txt,1.7819259229224635,0.9797608632695467,3.4457442911189844,-0.54219517563677,0.26072458096062595
crude/article282.txt,12.034786855478426,7.648773737129375,-1.8297533696892982,-2.145736953317179,-0.6540237071220046
crude/article053.txt,18.50989911340837,-0.09890773898531334,-1.2287683022422686,4.65801403581661,-3.2651398518548533
crude/article098.txt,20.973450805367047,0.6213126880762473,2.1810248808383976,0.11249711211578085,-0.6895116199578958
crude/article221.txt,24.838948881603304,-0.1946175087907779,-0.4248346479063292,9.303020812151777,4.099852646815879
crude/article423.txt,9.138741859728112,1.3818762223369685,-4.993096708415773,1.5204384970256486,-4.893642494023029
crude/article145.txt,13.808758742381514,-3.3478957881753764,-1.4155752096733754,0.5184143112108889,3.1398256548733388
crude/article155.txt,5.716428763340342,-0.6212792022057526,1.8713587274708523,1.604447740543032,-0.5332459311742377
crude/article288.txt,4.040621426423955,-1.3705218021181476,0.18596519491900165,0.50842066833789,-0.9617161383350175
crude/article552.txt,0.6066284139243676,4.082264377517501,-1.390882953313701,-2.2033921761878736,1.6739488921416559
crude/article024.txt,8.386871569733259,1.7447181884056417,0.6227930886212532,0.25123374692342426,-2.7891905423043197
crude/article267.txt,34.01265487832014,6.30218778256489,10.187470458201641,5.1581970792118765,-3.8831133303527174
crude/article463.txt,9.332881636804514,-0.5635174130167638,-0.8471482867870319,2.8032721142919232,-2.1487239216349776
crude/article022.txt,37.20850676374212,-0.9586946024908048,2.4623333124598394,9.818859701078555,-4.04790247796065
crude/article153.txt,8.502580236894373,-0.46234339168031396,0.921015967414068,-0.24161166393220018,-1.9098955794144772
crude/article355.txt,56.005576104854285,-0.6670034737730343,7.53633561141477,-0.776556414305716,-0.34640296053777525
crude/article023.txt,23.048155008187702,0.22592011456390082,0.35861472163352043,4.736998252637226,0.4684336074116088
crude/article377.txt,36.769192303949154,1.6023670158223635,12.051977445979556,5.678441673187115,1.3184121342501718
crude/article567.txt,0.6066284139243676,4.082264377517501,-1.390882953313701,-2.2033921761878736,1.6739488921416559
crude/article327.txt,5.778544948620726,1.1762424442793784,-2.3652695550929694,3.6067299312900833,-0.5821102692245937
crude/article079.txt,2.7241401356121533,-0.5217115560786887,-0.07746716495118962,1.5259075503112858,-0.31623548998779916
crude/article204.txt,13.344039445374767,-1.1387571133942185,-6.07258008062274,0.06892775949556598,-4.2832556320525965
crude/article213.txt,10.508005269650752,-3.185562701676847,1.1055534066947272,-1.4449976975951349,-1.3948373219317014
crude/article330.txt,62.83232191581222,9.993572618235044,-5.550382142272958,8.561287203705685,-9.473209769338183
crude/article577.txt,23.24977335368758,0.20981228774631025,6.173483808679518,3.6174503824672684,-2.138562349369761
crude/article065.txt,7.3946919403229,1.484718265104775,0.04636310736837015,4.491676984953051,-0.3065137557246709
crude/article071.txt,7.509251363157723,-2.931740094143911,-1.9592583059083761,1.3001274759940087,1.8834923053347719
crude/article128.txt,45.67724572054499,-0.4253465932041872,3.9666835365362574,5.974899168356711,-9.101382762841206
crude/article002.txt,20.44336723123644,-5.319528419640017,-1.2951631324776498,-1.268006624180728,-2.804944543169075
crude/article550.txt,29.626255178020074,9.703915099174466,0.3631265393096266,0.4697192831163855,-6.209607649156775
crude/article403.txt,20.412051438309426,-2.1911043776704755,0.010024456643212384,4.239608118567438,-0.037266507728143626
crude/article262.txt,22.084617552066934,-5.1200498641186085,-4.166233513707643,-2.0680461578381824,-1.7920541191491401
crude/article038.txt,35.17135919970329,-3.4825997440278362,-1.7859806403421625,-1.1292129268186426,-0.8522393077993339
crude/article230.txt,15.918626635259983,-4.242727145274047,-0.06865464696859258,-0.07083342920703688,0.6309674263603967
crude/article324.txt,36.968948966613254,2.563995872529772,9.27382284371615,-0.2976588391207518,-1.2583428701143662
crude/article033.txt,24.75083418819174,-1.994842951536054,-0.15046037793486583,-0.10234039925686948,-0.15826629452837704
crude/article409.txt,8.971354504951565,0.19236185079251722,-0.9643280788394268,-1.4101658301454463,-0.050092981459592886
crude/article003.txt,12.444304987567527,-3.34316988748854,-0.7394777272583551,1.964806793967674,1.2345407369391812
crude/article318.txt,5.527978089662798,1.0357822701758332,-0.7511031902107316,2.990311921352818,-1.6253510336008856
crude/article532.txt,3.9083591165589002,3.895960988865241,0.37179260524459845,1.4509891824577652,0.725133835814299
crude/article331.txt,34.10806562786276,2.734818082931418,-5.769000061279306,4.585020693396859,3.1295814980669814
crude/article523.txt,57.29013622002421,-5.730552646996663,-5.338903942279753,-2.5281754153290446,-9.429961466981421
crude/article373.txt,11.662095744683912,-2.6784497644386773,-1.3290024589335176,3.4264458920604786,3.1309801809215383
crude/article253.txt,13.248532396046938,-2.5041299224861313,-3.8817731766151424,3.075015921455551,0.20439174661771126
crude/article521.txt,0.23281495627881696,0.22553121396339032,0.1222732070038402,1.3464304261400923,-0.46214974561869665
crude/article126.txt,4.835978276850394,-0.08117654770391432,-0.01969667094892959,2.0064568895813455,-0.26096436289015673
crude/article372.txt,11.662095744683912,-2.6784497644386773,-1.3290024589335176,3.4264458920604786,3.1309801809215383
crude/article194.txt,22.063473253124627,9.16986913479673,1.913666391135068,1.6381432466267642,-3.8993026638303543
crude/article207.txt,27.068236444129695,-4.863211101350372,-2.6698980583784087,-4.509381248635448,-5.804400278730147
crude/article008.txt,11.933682119824367,6.968396340876459,-1.5979395441370152,-1.7785049239525335,-0.9330151891456133
crude/article150.txt,24.111270907427013,-1.3965410218409595,-4.720109549692217,-0.9702831724840886,-3.8370962724651085
crude/article035.txt,16.010229147879556,-4.278304558568076,-0.16143491894991696,-2.1071709686473414,-4.295398902410731
crude/article277.txt,12.898241114691332,0.2355283763860189,-1.5684543324077054,4.939270402335032,1.5212684421717342
crude/article264.txt,21.37701675164841,-0.44479861169260276,6.539338440049689,-0.2699646543333773,-2.2932607632170483
crude/article108.txt,20.631720805521297,-1.1894898155230265,1.0398992853182292,7.092049798433818,-0.6412601143224248
crude/article300.txt,7.02065792624545,1.0541819714983305,2.894871627298016,1.409601246604249,-2.7948235507611487
crude/article016.txt,15.43555894106404,-1.9874069586800374,4.984718790616478,-0.5215935798039903,0.3388424270697758
crude/article009.txt,11.749198873020319,13.172085198026169,-3.171736011611383,-6.256628401014237,0.4309091955488834
crude/article169.txt,13.852596954704923,-3.3499872314812205,0.3920360484259101,-1.4233248909806646,-0.8924292187694346
crude/article223.txt,46.7535482280227,9.3462693841308,-4.075809708153272,4.644842921123932,-2.156280632617123
crude/article160.txt,39.76924546388971,-7.052284417858035,-1.9805574501121457,1.4856704763178956,2.826091748214593
crude/article070.txt,0.23281495627881696,0.22553121396339032,0.1222732070038402,1.3464304261400923,-0.46214974561869665
crude/article116.txt,31.905017738957426,-2.944243177827844,-2.8441776435412156,4.38481831416069,0.9627695160505506
crude/article418.txt,28.40588878986529,0.699943817707687,-3.4231129213728293,0.6431496806130824,-4.762631980857215
crude/article371.txt,13.065472000108757,3.102604773706574,12.709758453776063,-0.157984607207705,2.4172476785875148
crude/article565.txt,5.113875179555981,-1.4424541421658117,-0.01235133230429964,1.0182956749205947,1.6829834541659547
crude/article537.txt,18.15185278951103,1.1856938269673445,-1.3468606483299452,0.2788154594617815,-1.9138657734113198
crude/article417.txt,12.533992266960782,1.258234839860935,3.465896941080586,1.558359971312917,1.4247831043864458
crude/article332.txt,6.90253766998725,0.40227257106261555,-0.6193197872184851,3.238683744494677,0.859120800473504
crude/article545.txt,25.247634518063812,-5.980184805695688,-4.984929745958804,-3.2740741108461178,-3.1563366622740126
crude/article525.txt,16.26584440185563,-2.6019993982715253,-0.9372013801675999,6.974830319930286,0.0412989067679912
crude/article248.txt,8.425018838751436,-0.14974180466952755,0.5927402848381681,2.2516329210375994,1.187565529663968
crude/article360.txt,61.561979393256166,9.218481492465132,-6.764971112747826,20.50533345884551,6.581466047112963
crude/article142.txt,6.297804991458694,-1.178703397224519,0.7808151355373648,1.7384760904147996,-0.5194836593985583
crude/article508.txt,44.83775901983273,2.3539198851389553,5.681304517550078,1.6159230503389672,-1.013971257190557
crude/article182.txt,0.7932052304708471,1.1540061124614116,-0.6644893537521831,1.5219494335670904,-1.3430334594409972
crude/article396.txt,0.0,-0.0,-0.0,-0.0,0.0
crude/article478.txt,11.68193682323547,6.807381051318014,-4.245339989490906,2.648369379259864,-2.7631003785082164
crude/article432.txt,18.187811038877257,-3.8356980172506274,-0.2687861101503585,-0.5897052597266791,1.0212264810722689
crude/article395.txt,7.9306738954086144,1.4802036956876985,4.118631405152226,1.4943709591632492,-1.238063514181287
crude/article279.txt,27.819895654838646,0.5811533158913609,7.804572478452261,7.170832264796027,-1.0545968463063995
crude/article554.txt,18.079601460501795,-3.8193388190369206,-1.2196915069134768,3.5701758220341753,2.863465018646778
crude/article354.txt,43.87091256628885,0.4102031453433182,-3.1800548319753275,8.739585788376521,-2.330505470597382
crude/article388.txt,0.0,-0.0,-0.0,-0.0,0.0
crude/article317.txt,31.128525954193353,6.500776727807828,-1.020491448370783,-1.9335046035014192,-0.23757059928375523
crude/article459.txt,22.375567408355867,3.6091519340263774,2.230057537758852,7.579117406559024,-1.2248666481448762
crude/article131.txt,33.10136949593455,0.47757276189158704,-0.40338199436151295,1.5758353230691007,-4.570138661393295
crude/article501.txt,6.236177867827669,1.1386879146669469,1.4197082254068485,-0.8268777084340648,0.7057611272201636
crude/article507.txt,33.62036292901658,3.7649078495797332,4.212814176036534,-0.0393478121979757,-2.9838840773910724
crude/article114.txt,40.71868552858508,-6.727143478802729,-0.5979437134622967,-3.3873077989985765,-0.527919735941467
crude/article032.txt,15.967228264465424,0.6477268604081862,-4.116617292599615,4.669160826034188,2.543936412034622
crude/article351.txt,9.623205707074955,-0.5572395247845695,2.2328272885712126,2.1017256653828857,-1.4300529022979986
crude/article090.txt,3.036586404782119,-0.46743310265673416,-0.19713442706990691,2.327850185636432,-0.04395731975485608
crude/article460.txt,13.701531688037528,-0.1580457182971759,6.241055677829753,5.792179093891002,-1.6782554997331904
crude/article239.txt,6.575209910795916,-0.4691560700350895,3.7958402175674166,-1.0664345080912836,0.9666697540047728
crude/article499.txt,9.98195548008288,-1.2741153453930416,3.107183594973049,2.78434766248761,-1.75195459522001
crude/article236.txt,6.417487940649503,-1.3943940534101968,-1.071192426961201,3.517910807292996,-0.7128122395350682
crude/article374.txt,13.065472000108757,3.102604773706574,12.709758453776063,-0.157984607207705,2.4172476785875148
crude/article301.txt,4.011397371006011,-0.022341031433048723,0.4136250775294284,2.5656660728253593,1.0324012013133004
crude/article147.txt,16.163797288972013,-2.5882878516640138,-3.8731958925381886,-2.0758164453763666,-4.259653510418161
crude/article229.txt,7.783034037120244,-1.4637393129618574,0.7175756625491588,-0.2138933811267826,-2.4375382012522966
crude/article067.txt,12.777553189607433,3.595330256511439,-0.15362433800017705,3.938377695105012,5.343663405569614
crude/article234.txt,23.1446114299204,2.3665894301458397,4.956831379064098,6.8632115245598975,1.7156297913835876
crude/article538.txt,23.3841255972643,-4.745088699838198,-3.3198400813800446,-3.3209056090988884,-1.2809528576598692
crude/article247.txt,46.686039011896106,3.8254041258431424,16.939552961048253,7.2352520507644265,-3.4227426514160415
crude/article526.txt,10.691446092294663,1.3186256084770638,-3.9020973176437512,2.147303875164068,-4.192259448783515
crude/article084.txt,0.23281495627881696,0.22553121396339032,0.1222732070038402,1.3464304261400923,-0.46214974561869665
crude/article314.txt,3.713394632915788,0.2535043403196115,-0.6335484346308272,2.732230806975795,0.14072578064718635
crude/article143.txt,0.6066284139243676,4.082264377517501,-1.390882953313701,-2.2033921761878736,1.6739488921416559
crude/article045.txt,35.8104555820777,0.10502227601828606,4.354473815189579,9.482863612371563,1.4639748368243046
crude/article564.txt,18.15185278951103,1.1856938269673445,-1.3468606483299452,0.2788154594617815,-1.9138657734113198
crude/article005.txt,6.315084517732973,0.8858352371797799,-1.0778552386069464,3.365758405492748,-1.9391285561162908
crude/article370.txt,10.3061189738318,0.5399356652838428,4.3398386185686615,5.073955015591162,0.289511809209978
crude/article451.txt,50.81470378223226,-2.89643571540354,-3.615529465859632,4.7277181258974545,-2.383007142237475
crude/article249.txt,7.86657667882823,1.4705721469969313,-2.36105673416455,4.014357868324113,-0.9954200985562852
crude/article123.txt,9.599788053686995,1.5623239045812427,4.108023700352663,0.28953081722131624,-4.2523090389461
crude/article074.txt,0.9971331245901767,0.7192896760755734,1.7914654018096035,0.9313651207560185,-0.5663887041933526
crude/article208.txt,28.261876625789185,-4.294800986160111,-4.345694820655985,-2.0505322939400505,-6.813687480223822
crude/article551.txt,8.073566112115872,1.7408682286037251,4.320639972797848,3.846399085735082,-0.5080092205280109
crude/article562.txt,25.71691585003484,0.5548014529256974,4.9205268484950615,1.6364743508323338,-0.9594152059937517
crude/article298.txt,36.77955858585063,-3.7280563871011534,1.9576241232907137,-5.783457573312914,-3.816164629764702
crude/article397.txt,7.650575228056661,6.208023478021552,-3.380478522663429,3.2512082011239896,5.694185680182896
crude/article280.txt,0.9971331245901767,0.7192896760755734,1.7914654018096035,0.9313651207560185,-0.5663887041933526
crude/article195.txt,27.32579881655509,-5.58010752236349,0.020385989203486627,3.6110606765030613,4.4827928479052
crude/article076.txt,0.23281495627881696,0.22553121396339032,0.1222732070038402,1.3464304261400923,-0.46214974561869665
crude/article265.txt,21.291180926287275,-0.35667009230965696,7.172087991143993,-1.6139171207733434,-2.235951880295607
crude/article391.txt,0.7643181683113598,0.4937584621121832,1.6691921948057629,-0.41506530538407405,-0.10423895857465586
crude/article323.txt,8.634451260427843,-1.4708323160400774,-1.324570663005058,1.9507989470828082,-1.9521185303434117
crude/article480.txt,0.6066284139243676,4.082264377517501,-1.390882953313701,-2.2033921761878736,1.6739488921416559
crude/article558.txt,30.11793458938403,-3.8847556769681764,-4.887761326433116,0.014192736320238784,-5.352995123456222
crude/article563.txt,6.959855052829113,5.281373352315382,1.4747660242176088,3.6627177495406023,-1.9205611926374888
crude/article110.txt,35.88527688627638,4.041626219936474,-1.1635558125605827,5.172162976540729,-0.04520925256774566
crude/article214.txt,26.269957885451458,-3.180078064592631,4.686814689630732,-3.3672014765972773,-2.9629558421320437
crude/article416.txt,24.643638956870255,-7.704502273798506,-3.5029181368835705,0.478069504909467,-0.6421206619507306
crude/article063.txt,8.677326782999657,2.431572602749075,-1.5304365479249864,1.1610679662811727,-1.3506147124486574
crude/article345.txt,17.169463976217497,2.005833678906526,1.5098897691592046,2.8966313145104685,-7.3625973362999515
crude/article476.txt,35.715186622794306,9.927993690660799,0.5757766819588352,-4.2558707560871145,-1.0176837827531031
crude/article103.txt,12.441502269400068,0.46487646783439923,-2.051052184418512,1.4961025644316603,-4.410383097169373
crude/article048.txt,18.08755389218228,1.8689824493067084,-2.7426888372266958,2.758778597041526,0.2844790632462694
crude/article245.txt,9.594364276335735,2.169602631869524,-0.3289000965406413,3.983366724559913,-3.2535074537196276
crude/article125.txt,8.77788303478191,0.5587831323674736,-4.4140497108548065,0.5508770676588083,-0.5589768050461765
crude/article060.txt,22.275274754297115,-4.26295969226108,-1.787489840935921,-1.0933209933050325,-1.2936988479003457
crude/article087.txt,6.865109038633129,-2.0148604503719736,-0.0803325496563314,-0.02933417300582323,0.9803131217758299
crude/article088.txt,18.435823594002215,-7.988109161706626,-3.9296202484620606,0.29985388439869026,0.5815239024177522
crude/article054.txt,30.672223511869714,12.26798152986403,8.04382629637659,1.9244985576243092,2.1222764199381485
crude/article541.txt,0.7277258923941334,0.5359723733369982,0.11259052112013204,1.8383207093124627,-0.18458077581486515
crude/article096.txt,22.639876979201084,1.3168806724706237,5.226184388779475,2.9186716062981133,5.19249909754192
crude/article001.txt,57.232536396610165,-5.2411958302771415,-4.1896892619077075,3.1195772349116893,4.845682789170971
crude/article299.txt,0.0,-0.0,-0.0,-0.0,0.0
crude/article329.txt,36.968948966613254,2.563995872529772,9.27382284371615,-0.2976588391207518,-1.2583428701143662
crude/article297.txt,9.860582650997276,-0.2570449588633146,-2.679225350053181,0.7078868119824049,-0.1681031454886787
crude/article019.txt,8.86363815758625,1.9407459529932638,0.6781669158335917,2.9374614818307863,1.6009977782986953
crude/article020.txt,6.026656076032193,1.298079149754633,1.0486667333775859,1.0511169843738126,1.2111687565051104
crude/article415.txt,7.111850484381127,1.4319003304621543,0.26629919947385206,1.3459192906558104,-0.4677663700755535
crude/article211.txt,0.0,-0.0,-0.0,-0.0,0.0
crude/article106.txt,31.785311288240838,7.99826847849849,3.785863053040138,7.958592255159502,-6.618748545611066
crude/article283.txt,4.073966948458908,0.19007811564775456,2.159426488649732,0.8236244616898384,0.5349264226278959
crude/article316.txt,14.672140063837979,-3.7953147424979683,1.5239468340472115,0.8214468774256336,-2.5585889911672983
crude/article506.txt,15.61098981959006,-2.192291412162815,-0.750409150915019,6.194096305125729,0.37995038678465415
crude/article488.txt,2.1629066983542136,3.739978169690221,-0.9932534761569624,1.0747086126849554,-1.8310084269577984
crude/article481.txt,57.88101267568069,-4.101462144799182,-0.7304825897026934,13.863962530230289,-2.14177116791793
crude/article531.txt,26.9626591524645,2.1557212457367516,4.241263656998002,1.0706525994777198,-2.37467983770311
crude/article341.txt,4.52083071495346,-0.5590766658637973,0.8537897707305621,0.8002867379584403,1.0083851559742323
crude/article177.txt,6.740637873487932,0.5899078262116395,-1.7212761137133021,4.992026744257983,-1.9350794262123105
crude/article566.txt,35.24241477554579,-0.24862595059527476,-5.388374086230891,-0.037726986958352526,1.345636095821856
crude/article568.txt,21.497510525358326,19.463526096469202,-6.767299039549431,-9.472383633978778,0.777873231152969
crude/article385.txt,5.432129212094651,-0.13475236772963892,2.142568340681701,3.078220090640757,-0.35339212690814814
crude/article375.txt,4.687168777400375,2.12000913530271,-0.6810276605756342,1.5881002191840052,1.3515073183964839
crude/article296.txt,45.52905185613347,-1.2560124827383732,-1.9829479386362943,-1.3539034211228758,2.1457210793513752
crude/article571.txt,16.569522614102773,0.8849697478664529,2.66466608542258,5.6732590960202405,0.17355697255117739
crude/article494.txt,30.650659832346413,-3.5894492253485892,-1.1203523487514564,-0.9798210801363999,-0.36028782131414977
